# M = 4.000, Z =  0.030, Y =  0.300, Set 0																													
# Surface normalized number abundances																													
Isotope	A	Z	N	Initial	TP #1	TP #2	TP #3	TP #4	TP #5	TP #6	TP #7	TP #8	TP #9	TP #10	TP #11	TP #12	TP #13	TP #14	TP #15	TP #16	TP #17	TP #18	TP #19	TP #20	TP #21	TP #22	TP #23	TP #24	Final
p	1	1	0	6.70E-01	6.54E-01	6.54E-01	6.54E-01	6.54E-01	6.55E-01	6.54E-01	6.54E-01	6.54E-01	6.53E-01	6.53E-01	6.52E-01	6.51E-01	6.50E-01	6.49E-01	6.48E-01	6.47E-01	6.46E-01	6.45E-01	6.44E-01	6.43E-01	6.41E-01	6.40E-01	6.38E-01	6.37E-01	6.34E-01
d	2	1	1	0.00E+00	2.80E-18	2.80E-18	2.81E-18	2.81E-18	2.81E-18	3.20E-18	3.20E-18	2.80E-18	2.81E-18	2.76E-18	2.70E-18	2.62E-18	2.63E-18	2.58E-18	2.57E-18	2.58E-18	2.58E-18	2.56E-18	2.55E-18	2.54E-18	2.50E-18	2.66E-18	3.11E-18	3.06E-18	2.92E-18
he3	3	2	1	0.00E+00	2.00E-05	2.00E-05	2.00E-05	1.99E-05	1.97E-05	1.97E-05	1.96E-05	1.96E-05	1.95E-05	1.94E-05	1.94E-05	1.93E-05	1.93E-05	1.93E-05	1.93E-05	1.92E-05	1.92E-05	1.92E-05	1.91E-05	1.91E-05	1.90E-05	1.90E-05	1.89E-05	1.89E-05	1.88E-05
he4	4	2	2	7.50E-02	7.87E-02	7.87E-02	7.87E-02	7.87E-02	7.87E-02	7.87E-02	7.87E-02	7.88E-02	7.88E-02	7.89E-02	7.91E-02	7.92E-02	7.93E-02	7.95E-02	7.97E-02	7.98E-02	8.00E-02	8.02E-02	8.04E-02	8.06E-02	8.08E-02	8.10E-02	8.13E-02	8.16E-02	8.19E-02
li7	7	3	4	2.78E-09	4.33E-10	4.35E-10	4.36E-10	4.56E-10	4.66E-10	4.36E-10	4.05E-10	3.46E-10	2.41E-10	1.45E-10	5.58E-12	1.24E-12	2.99E-13	3.29E-15	1.68E-15	1.91E-15	2.27E-15	9.06E-15	6.65E-15	4.81E-15	2.51E-15	7.85E-16	9.08E-12	1.27E-11	1.03E-11
be7	7	4	3	0.00E+00	0.00E+00	0.00E+00	0.00E+00	0.00E+00	0.00E+00	0.00E+00	4.19E-25	5.82E-23	1.45E-21	4.41E-22	4.00E-20	4.85E-21	2.30E-21	2.68E-19	1.65E-19	6.47E-20	2.76E-20	2.03E-18	1.33E-18	7.11E-19	1.51E-19	4.74E-24	0.00E+00	0.00E+00	5.49E-35
b8	8	5	3	0.00E+00	1.39E-30	1.50E-30	5.39E-30	7.54E-30	7.31E-30	4.12E-31	6.58E-36	6.59E-35	1.21E-34	1.65E-35	2.73E-34	2.58E-33	7.93E-34	5.67E-32	2.54E-32	2.38E-33	7.13E-34	3.71E-32	1.70E-32	6.21E-33	1.75E-31	1.12E-32	0.00E+00	3.46E-28	9.69E-29
c12	12	6	6	4.47E-04	2.67E-04	2.67E-04	2.67E-04	2.68E-04	2.70E-04	2.72E-04	2.79E-04	2.89E-04	3.04E-04	3.20E-04	3.40E-04	3.60E-04	3.82E-04	4.05E-04	4.29E-04	4.54E-04	4.79E-04	5.06E-04	5.34E-04	5.63E-04	5.93E-04	6.27E-04	6.71E-04	7.12E-04	7.67E-04
c13	13	6	7	5.00E-06	1.37E-05	1.37E-05	1.37E-05	1.36E-05	1.36E-05	1.35E-05	1.35E-05	1.35E-05	1.34E-05	1.34E-05	1.34E-05	1.34E-05	1.34E-05	1.33E-05	1.33E-05	1.33E-05	1.33E-05	1.32E-05	1.32E-05	1.32E-05	1.32E-05	1.31E-05	1.31E-05	1.31E-05	1.30E-05
c14	14	6	8	0.00E+00	8.45E-32	1.03E-31	2.38E-29	1.95E-29	1.23E-18	3.91E-10	1.03E-09	1.40E-09	1.45E-09	1.33E-09	1.17E-09	1.03E-09	9.44E-10	8.70E-10	8.54E-10	8.30E-10	8.33E-10	8.45E-10	8.96E-10	9.43E-10	1.05E-09	1.16E-09	1.85E-09	3.14E-09	6.74E-10
n13	13	7	6	0.00E+00	0.00E+00	0.00E+00	0.00E+00	0.00E+00	0.00E+00	0.00E+00	0.00E+00	0.00E+00	0.00E+00	0.00E+00	0.00E+00	0.00E+00	0.00E+00	0.00E+00	0.00E+00	0.00E+00	0.00E+00	0.00E+00	0.00E+00	0.00E+00	0.00E+00	0.00E+00	0.00E+00	0.00E+00	0.00E+00
n14	14	7	7	1.13E-04	3.26E-04	3.26E-04	3.26E-04	3.24E-04	3.23E-04	3.23E-04	3.22E-04	3.22E-04	3.21E-04	3.20E-04	3.20E-04	3.19E-04	3.19E-04	3.18E-04	3.18E-04	3.17E-04	3.17E-04	3.16E-04	3.16E-04	3.15E-04	3.15E-04	3.14E-04	3.13E-04	3.13E-04	3.12E-04
n15	15	7	8	2.61E-07	1.20E-07	1.20E-07	1.20E-07	1.21E-07	1.22E-07	1.22E-07	1.23E-07	1.23E-07	1.23E-07	1.23E-07	1.23E-07	1.23E-07	1.23E-07	1.23E-07	1.23E-07	1.23E-07	1.22E-07	1.22E-07	1.22E-07	1.22E-07	1.21E-07	1.21E-07	1.21E-07	1.20E-07	1.20E-07
o14	14	8	6	0.00E+00	0.00E+00	0.00E+00	0.00E+00	0.00E+00	0.00E+00	0.00E+00	0.00E+00	0.00E+00	0.00E+00	0.00E+00	0.00E+00	0.00E+00	0.00E+00	0.00E+00	0.00E+00	0.00E+00	0.00E+00	0.00E+00	0.00E+00	0.00E+00	0.00E+00	0.00E+00	0.00E+00	0.00E+00	0.00E+00
o15	15	8	7	0.00E+00	0.00E+00	0.00E+00	0.00E+00	0.00E+00	0.00E+00	0.00E+00	0.00E+00	0.00E+00	0.00E+00	0.00E+00	0.00E+00	0.00E+00	0.00E+00	0.00E+00	0.00E+00	0.00E+00	0.00E+00	0.00E+00	0.00E+00	0.00E+00	0.00E+00	0.00E+00	0.00E+00	0.00E+00	0.00E+00
o16	16	8	8	8.10E-04	7.68E-04	7.68E-04	7.68E-04	7.68E-04	7.69E-04	7.68E-04	7.69E-04	7.68E-04	7.68E-04	7.68E-04	7.68E-04	7.67E-04	7.67E-04	7.66E-04	7.66E-04	7.65E-04	7.64E-04	7.64E-04	7.63E-04	7.62E-04	7.61E-04	7.60E-04	7.59E-04	7.58E-04	7.56E-04
o17	17	8	9	3.08E-07	1.86E-06	1.85E-06	1.85E-06	1.84E-06	1.83E-06	1.83E-06	1.82E-06	1.82E-06	1.81E-06	1.81E-06	1.81E-06	1.80E-06	1.80E-06	1.80E-06	1.79E-06	1.79E-06	1.79E-06	1.78E-06	1.78E-06	1.78E-06	1.77E-06	1.77E-06	1.76E-06	1.76E-06	1.75E-06
o18	18	8	10	1.62E-06	1.10E-06	1.10E-06	1.10E-06	1.10E-06	1.11E-06	1.11E-06	1.11E-06	1.11E-06	1.11E-06	1.11E-06	1.11E-06	1.11E-06	1.11E-06	1.11E-06	1.10E-06	1.10E-06	1.10E-06	1.10E-06	1.10E-06	1.09E-06	1.09E-06	1.09E-06	1.09E-06	1.08E-06	1.08E-06
o19	19	8	11	0.00E+00	0.00E+00	0.00E+00	0.00E+00	0.00E+00	0.00E+00	0.00E+00	0.00E+00	0.00E+00	0.00E+00	0.00E+00	0.00E+00	0.00E+00	0.00E+00	0.00E+00	0.00E+00	0.00E+00	0.00E+00	0.00E+00	0.00E+00	0.00E+00	0.00E+00	0.00E+00	0.00E+00	0.00E+00	0.00E+00
f17	17	9	8	0.00E+00	0.00E+00	0.00E+00	0.00E+00	0.00E+00	0.00E+00	0.00E+00	0.00E+00	0.00E+00	0.00E+00	0.00E+00	0.00E+00	0.00E+00	0.00E+00	0.00E+00	0.00E+00	0.00E+00	0.00E+00	0.00E+00	0.00E+00	0.00E+00	0.00E+00	0.00E+00	0.00E+00	0.00E+00	0.00E+00
f18	18	9	9	0.00E+00	0.00E+00	0.00E+00	0.00E+00	0.00E+00	0.00E+00	0.00E+00	0.00E+00	0.00E+00	0.00E+00	0.00E+00	0.00E+00	0.00E+00	0.00E+00	0.00E+00	0.00E+00	0.00E+00	0.00E+00	0.00E+00	0.00E+00	0.00E+00	0.00E+00	0.00E+00	0.00E+00	0.00E+00	0.00E+00
f19	19	9	10	4.42E-08	4.09E-08	4.09E-08	4.09E-08	4.10E-08	4.10E-08	4.11E-08	4.18E-08	4.30E-08	4.49E-08	4.74E-08	5.04E-08	5.39E-08	5.79E-08	6.25E-08	6.74E-08	7.26E-08	7.81E-08	8.43E-08	9.09E-08	9.81E-08	1.06E-07	1.14E-07	1.26E-07	1.37E-07	1.48E-07
f20	20	9	11	0.00E+00	0.00E+00	0.00E+00	0.00E+00	0.00E+00	0.00E+00	0.00E+00	0.00E+00	0.00E+00	0.00E+00	0.00E+00	0.00E+00	0.00E+00	0.00E+00	0.00E+00	0.00E+00	0.00E+00	0.00E+00	0.00E+00	0.00E+00	0.00E+00	0.00E+00	0.00E+00	0.00E+00	0.00E+00	0.00E+00
ne19	19	10	9	0.00E+00	0.00E+00	0.00E+00	0.00E+00	0.00E+00	0.00E+00	0.00E+00	0.00E+00	0.00E+00	0.00E+00	0.00E+00	0.00E+00	0.00E+00	0.00E+00	0.00E+00	0.00E+00	0.00E+00	0.00E+00	0.00E+00	0.00E+00	0.00E+00	0.00E+00	0.00E+00	0.00E+00	0.00E+00	0.00E+00
ne20	20	10	10	1.33E-04	1.33E-04	1.33E-04	1.33E-04	1.33E-04	1.33E-04	1.33E-04	1.33E-04	1.33E-04	1.33E-04	1.33E-04	1.33E-04	1.33E-04	1.33E-04	1.33E-04	1.33E-04	1.33E-04	1.33E-04	1.33E-04	1.33E-04	1.33E-04	1.33E-04	1.33E-04	1.33E-04	1.33E-04	1.33E-04
ne21	21	10	11	3.19E-07	3.40E-07	3.40E-07	3.40E-07	3.40E-07	3.40E-07	3.40E-07	3.39E-07	3.39E-07	3.39E-07	3.40E-07	3.40E-07	3.40E-07	3.41E-07	3.42E-07	3.43E-07	3.44E-07	3.46E-07	3.47E-07	3.49E-07	3.52E-07	3.54E-07	3.57E-07	3.61E-07	3.65E-07	3.68E-07
ne22	22	10	12	9.77E-06	8.66E-06	8.66E-06	8.66E-06	8.67E-06	8.68E-06	8.87E-06	9.55E-06	1.08E-05	1.28E-05	1.52E-05	1.80E-05	2.09E-05	2.41E-05	2.74E-05	3.09E-05	3.44E-05	3.80E-05	4.18E-05	4.57E-05	4.98E-05	5.40E-05	5.89E-05	6.53E-05	7.15E-05	7.78E-05
ne23	23	10	13	0.00E+00	0.00E+00	0.00E+00	0.00E+00	0.00E+00	0.00E+00	0.00E+00	0.00E+00	0.00E+00	0.00E+00	0.00E+00	0.00E+00	0.00E+00	0.00E+00	0.00E+00	0.00E+00	0.00E+00	0.00E+00	0.00E+00	0.00E+00	0.00E+00	0.00E+00	0.00E+00	0.00E+00	0.00E+00	0.00E+00
na21	21	11	10	0.00E+00	0.00E+00	0.00E+00	0.00E+00	0.00E+00	0.00E+00	0.00E+00	0.00E+00	0.00E+00	0.00E+00	0.00E+00	0.00E+00	0.00E+00	0.00E+00	0.00E+00	0.00E+00	0.00E+00	0.00E+00	0.00E+00	0.00E+00	0.00E+00	0.00E+00	0.00E+00	0.00E+00	0.00E+00	0.00E+00
na22	22	11	11	0.00E+00	0.00E+00	0.00E+00	0.00E+00	0.00E+00	0.00E+00	0.00E+00	3.08E-33	3.55E-31	6.29E-30	2.52E-30	9.68E-29	1.93E-29	1.13E-29	1.08E-27	6.51E-28	2.07E-28	1.03E-28	2.13E-26	1.46E-26	7.99E-27	2.10E-27	3.48E-31	0.00E+00	0.00E+00	0.00E+00
na23	23	11	12	3.13E-06	4.24E-06	4.24E-06	4.24E-06	4.23E-06	4.22E-06	4.22E-06	4.22E-06	4.23E-06	4.24E-06	4.25E-06	4.27E-06	4.29E-06	4.31E-06	4.33E-06	4.35E-06	4.38E-06	4.40E-06	4.43E-06	4.45E-06	4.48E-06	4.51E-06	4.54E-06	4.59E-06	4.64E-06	4.69E-06
na24	24	11	13	0.00E+00	0.00E+00	0.00E+00	0.00E+00	0.00E+00	0.00E+00	0.00E+00	0.00E+00	0.00E+00	0.00E+00	0.00E+00	0.00E+00	0.00E+00	0.00E+00	0.00E+00	0.00E+00	0.00E+00	0.00E+00	0.00E+00	0.00E+00	0.00E+00	0.00E+00	0.00E+00	0.00E+00	0.00E+00	0.00E+00
mg23	23	12	11	0.00E+00	0.00E+00	0.00E+00	0.00E+00	0.00E+00	0.00E+00	0.00E+00	0.00E+00	0.00E+00	0.00E+00	0.00E+00	0.00E+00	0.00E+00	0.00E+00	0.00E+00	0.00E+00	0.00E+00	0.00E+00	0.00E+00	0.00E+00	0.00E+00	0.00E+00	0.00E+00	0.00E+00	0.00E+00	0.00E+00
mg24	24	12	12	5.28E-05	5.28E-05	5.28E-05	5.28E-05	5.28E-05	5.28E-05	5.28E-05	5.28E-05	5.28E-05	5.28E-05	5.28E-05	5.28E-05	5.28E-05	5.28E-05	5.28E-05	5.28E-05	5.27E-05	5.27E-05	5.27E-05	5.26E-05	5.26E-05	5.25E-05	5.25E-05	5.24E-05	5.24E-05	5.23E-05
mg25	25	12	13	6.69E-06	6.63E-06	6.63E-06	6.63E-06	6.63E-06	6.63E-06	6.63E-06	6.63E-06	6.63E-06	6.63E-06	6.64E-06	6.67E-06	6.70E-06	6.73E-06	6.78E-06	6.84E-06	6.91E-06	6.99E-06	7.08E-06	7.19E-06	7.31E-06	7.43E-06	7.58E-06	7.80E-06	8.00E-06	8.18E-06
mg26	26	12	14	7.36E-06	7.43E-06	7.43E-06	7.43E-06	7.43E-06	7.43E-06	7.42E-06	7.42E-06	7.42E-06	7.42E-06	7.42E-06	7.43E-06	7.43E-06	7.44E-06	7.45E-06	7.47E-06	7.48E-06	7.51E-06	7.53E-06	7.56E-06	7.60E-06	7.64E-06	7.68E-06	7.75E-06	7.82E-06	7.88E-06
mg27	27	12	15	0.00E+00	0.00E+00	0.00E+00	0.00E+00	0.00E+00	0.00E+00	0.00E+00	0.00E+00	0.00E+00	0.00E+00	0.00E+00	0.00E+00	0.00E+00	0.00E+00	0.00E+00	0.00E+00	0.00E+00	0.00E+00	0.00E+00	0.00E+00	0.00E+00	0.00E+00	0.00E+00	0.00E+00	0.00E+00	0.00E+00
al25	25	13	12	0.00E+00	0.00E+00	0.00E+00	0.00E+00	0.00E+00	0.00E+00	0.00E+00	0.00E+00	0.00E+00	0.00E+00	0.00E+00	0.00E+00	0.00E+00	0.00E+00	0.00E+00	0.00E+00	0.00E+00	0.00E+00	0.00E+00	0.00E+00	0.00E+00	0.00E+00	0.00E+00	0.00E+00	0.00E+00	0.00E+00
al-6	26	13	13	0.00E+00	2.25E-11	2.22E-11	2.19E-11	3.06E-11	2.39E-10	9.46E-10	1.84E-09	2.80E-09	3.67E-09	4.40E-09	4.98E-09	5.40E-09	5.78E-09	6.02E-09	6.19E-09	6.33E-09	6.44E-09	6.53E-09	6.61E-09	6.70E-09	6.78E-09	6.87E-09	7.03E-09	7.27E-09	7.83E-09
al*6	26	13	13	0.00E+00	0.00E+00	0.00E+00	0.00E+00	0.00E+00	0.00E+00	0.00E+00	0.00E+00	0.00E+00	0.00E+00	0.00E+00	0.00E+00	0.00E+00	0.00E+00	0.00E+00	0.00E+00	0.00E+00	0.00E+00	0.00E+00	0.00E+00	0.00E+00	0.00E+00	0.00E+00	0.00E+00	0.00E+00	0.00E+00
al27	27	13	14	4.52E-06	4.52E-06	4.52E-06	4.52E-06	4.52E-06	4.52E-06	4.53E-06	4.53E-06	4.53E-06	4.54E-06	4.55E-06	4.56E-06	4.57E-06	4.59E-06	4.60E-06	4.62E-06	4.64E-06	4.66E-06	4.68E-06	4.70E-06	4.72E-06	4.74E-06	4.77E-06	4.80E-06	4.83E-06	4.87E-06
al28	28	13	15	0.00E+00	0.00E+00	0.00E+00	0.00E+00	0.00E+00	0.00E+00	0.00E+00	0.00E+00	0.00E+00	0.00E+00	0.00E+00	0.00E+00	0.00E+00	0.00E+00	0.00E+00	0.00E+00	0.00E+00	0.00E+00	0.00E+00	0.00E+00	0.00E+00	0.00E+00	0.00E+00	0.00E+00	0.00E+00	0.00E+00
si27	27	14	13	0.00E+00	0.00E+00	0.00E+00	0.00E+00	0.00E+00	0.00E+00	0.00E+00	0.00E+00	0.00E+00	0.00E+00	0.00E+00	0.00E+00	0.00E+00	0.00E+00	0.00E+00	0.00E+00	0.00E+00	0.00E+00	0.00E+00	0.00E+00	0.00E+00	0.00E+00	0.00E+00	0.00E+00	0.00E+00	0.00E+00
si28	28	14	14	5.01E-05	5.01E-05	5.01E-05	5.01E-05	5.01E-05	5.01E-05	5.01E-05	5.01E-05	5.02E-05	5.02E-05	5.02E-05	5.02E-05	5.02E-05	5.02E-05	5.02E-05	5.02E-05	5.02E-05	5.02E-05	5.02E-05	5.02E-05	5.02E-05	5.02E-05	5.02E-05	5.02E-05	5.02E-05	5.02E-05
si29	29	14	15	2.55E-06	2.55E-06	2.55E-06	2.55E-06	2.55E-06	2.55E-06	2.55E-06	2.55E-06	2.55E-06	2.55E-06	2.55E-06	2.55E-06	2.55E-06	2.55E-06	2.55E-06	2.55E-06	2.55E-06	2.55E-06	2.55E-06	2.56E-06	2.56E-06	2.56E-06	2.56E-06	2.57E-06	2.57E-06	2.57E-06
si30	30	14	16	1.68E-06	1.68E-06	1.68E-06	1.68E-06	1.68E-06	1.68E-06	1.68E-06	1.68E-06	1.68E-06	1.68E-06	1.68E-06	1.68E-06	1.68E-06	1.68E-06	1.69E-06	1.69E-06	1.69E-06	1.69E-06	1.70E-06	1.70E-06	1.70E-06	1.71E-06	1.71E-06	1.72E-06	1.73E-06	1.74E-06
p31	31	15	16	4.52E-07	4.52E-07	4.52E-07	4.52E-07	4.52E-07	4.52E-07	4.52E-07	4.53E-07	4.53E-07	4.54E-07	4.55E-07	4.56E-07	4.58E-07	4.59E-07	4.60E-07	4.62E-07	4.63E-07	4.64E-07	4.66E-07	4.68E-07	4.69E-07	4.71E-07	4.73E-07	4.76E-07	4.79E-07	4.82E-07
p32	32	15	17	0.00E+00	0.00E+00	0.00E+00	0.00E+00	0.00E+00	0.00E+00	0.00E+00	0.00E+00	0.00E+00	0.00E+00	0.00E+00	0.00E+00	0.00E+00	0.00E+00	0.00E+00	0.00E+00	0.00E+00	0.00E+00	0.00E+00	0.00E+00	0.00E+00	0.00E+00	0.00E+00	0.00E+00	0.00E+00	0.00E+00
p33	33	15	18	0.00E+00	0.00E+00	0.00E+00	0.00E+00	0.00E+00	0.00E+00	0.00E+00	0.00E+00	0.00E+00	0.00E+00	0.00E+00	0.00E+00	0.00E+00	0.00E+00	0.00E+00	0.00E+00	0.00E+00	0.00E+00	0.00E+00	0.00E+00	0.00E+00	0.00E+00	0.00E+00	0.00E+00	0.00E+00	0.00E+00
s32	32	16	16	2.10E-05	2.10E-05	2.10E-05	2.10E-05	2.10E-05	2.10E-05	2.10E-05	2.10E-05	2.10E-05	2.10E-05	2.10E-05	2.10E-05	2.10E-05	2.10E-05	2.10E-05	2.10E-05	2.10E-05	2.10E-05	2.10E-05	2.10E-05	2.10E-05	2.10E-05	2.10E-05	2.10E-05	2.10E-05	2.10E-05
s33	33	16	17	1.68E-07	1.68E-07	1.68E-07	1.68E-07	1.68E-07	1.68E-07	1.68E-07	1.68E-07	1.68E-07	1.69E-07	1.69E-07	1.69E-07	1.69E-07	1.70E-07	1.70E-07	1.70E-07	1.71E-07	1.71E-07	1.72E-07	1.72E-07	1.73E-07	1.74E-07	1.74E-07	1.75E-07	1.76E-07	1.77E-07
s34	34	16	18	9.50E-07	9.50E-07	9.50E-07	9.50E-07	9.50E-07	9.50E-07	9.50E-07	9.50E-07	9.50E-07	9.50E-07	9.50E-07	9.51E-07	9.51E-07	9.51E-07	9.51E-07	9.52E-07	9.52E-07	9.53E-07	9.54E-07	9.55E-07	9.56E-07	9.57E-07	9.58E-07	9.60E-07	9.61E-07	9.63E-07
s35	35	16	19	0.00E+00	0.00E+00	0.00E+00	0.00E+00	0.00E+00	0.00E+00	0.00E+00	0.00E+00	0.00E+00	0.00E+00	0.00E+00	0.00E+00	0.00E+00	0.00E+00	0.00E+00	0.00E+00	0.00E+00	0.00E+00	0.00E+00	0.00E+00	0.00E+00	0.00E+00	0.00E+00	0.00E+00	0.00E+00	0.00E+00
s36	36	16	20	4.43E-09	4.43E-09	4.43E-09	4.43E-09	4.43E-09	4.43E-09	4.43E-09	4.44E-09	4.46E-09	4.49E-09	4.53E-09	4.57E-09	4.62E-09	4.67E-09	4.72E-09	4.79E-09	4.86E-09	4.93E-09	5.02E-09	5.11E-09	5.21E-09	5.32E-09	5.45E-09	5.63E-09	5.80E-09	5.97E-09
cl35	35	17	18	1.97E-07	1.97E-07	1.97E-07	1.97E-07	1.97E-07	1.97E-07	1.97E-07	1.97E-07	1.97E-07	1.97E-07	1.97E-07	1.97E-07	1.97E-07	1.97E-07	1.97E-07	1.97E-07	1.97E-07	1.97E-07	1.97E-07	1.97E-07	1.96E-07	1.96E-07	1.96E-07	1.96E-07	1.96E-07	1.96E-07
cl36	36	17	19	0.00E+00	5.71E-23	5.52E-23	5.32E-23	5.08E-23	2.01E-20	5.95E-13	2.46E-12	6.04E-12	1.19E-11	2.02E-11	3.04E-11	4.21E-11	5.49E-11	6.88E-11	8.33E-11	9.78E-11	1.12E-10	1.27E-10	1.42E-10	1.57E-10	1.72E-10	1.90E-10	2.14E-10	2.37E-10	2.61E-10
cl37	37	17	20	6.30E-08	6.30E-08	6.30E-08	6.30E-08	6.30E-08	6.30E-08	6.31E-08	6.32E-08	6.34E-08	6.37E-08	6.42E-08	6.47E-08	6.53E-08	6.60E-08	6.67E-08	6.74E-08	6.82E-08	6.89E-08	6.98E-08	7.06E-08	7.15E-08	7.24E-08	7.34E-08	7.48E-08	7.61E-08	7.76E-08
ar36	36	18	18	3.57E-06	3.57E-06	3.57E-06	3.57E-06	3.57E-06	3.57E-06	3.57E-06	3.57E-06	3.57E-06	3.57E-06	3.57E-06	3.57E-06	3.57E-06	3.57E-06	3.57E-06	3.56E-06	3.56E-06	3.56E-06	3.56E-06	3.56E-06	3.56E-06	3.55E-06	3.55E-06	3.55E-06	3.55E-06	3.54E-06
ar37	37	18	19	0.00E+00	0.00E+00	0.00E+00	0.00E+00	0.00E+00	0.00E+00	0.00E+00	0.00E+00	0.00E+00	0.00E+00	0.00E+00	0.00E+00	0.00E+00	0.00E+00	0.00E+00	0.00E+00	0.00E+00	0.00E+00	0.00E+00	0.00E+00	0.00E+00	0.00E+00	0.00E+00	0.00E+00	0.00E+00	0.00E+00
ar38	38	18	20	6.49E-07	6.49E-07	6.49E-07	6.49E-07	6.49E-07	6.49E-07	6.49E-07	6.49E-07	6.49E-07	6.50E-07	6.50E-07	6.50E-07	6.50E-07	6.51E-07	6.51E-07	6.52E-07	6.52E-07	6.53E-07	6.54E-07	6.54E-07	6.55E-07	6.56E-07	6.57E-07	6.58E-07	6.59E-07	6.60E-07
ar39	39	18	21	0.00E+00	0.00E+00	0.00E+00	0.00E+00	0.00E+00	0.00E+00	3.26E-32	1.63E-32	9.43E-33	2.82E-33	1.39E-33	7.15E-34	3.83E-34	2.72E-34	3.38E-34	5.77E-34	6.42E-34	9.34E-34	1.18E-33	4.21E-33	9.94E-33	3.37E-32	2.79E-32	1.53E-29	1.32E-25	1.07E-34
ar40	40	18	22	1.00E-09	1.01E-09	1.01E-09	1.01E-09	1.01E-09	1.01E-09	1.01E-09	1.03E-09	1.06E-09	1.11E-09	1.16E-09	1.22E-09	1.27E-09	1.33E-09	1.40E-09	1.46E-09	1.53E-09	1.60E-09	1.68E-09	1.78E-09	1.87E-09	1.98E-09	2.10E-09	2.27E-09	2.44E-09	2.60E-09
k39	39	19	20	1.72E-07	1.72E-07	1.72E-07	1.72E-07	1.72E-07	1.72E-07	1.72E-07	1.72E-07	1.72E-07	1.72E-07	1.72E-07	1.72E-07	1.72E-07	1.72E-07	1.72E-07	1.72E-07	1.72E-07	1.72E-07	1.72E-07	1.72E-07	1.72E-07	1.73E-07	1.73E-07	1.73E-07	1.73E-07	1.73E-07
k40	40	19	21	3.42E-10	3.03E-10	3.03E-10	3.03E-10	3.03E-10	3.03E-10	3.04E-10	3.09E-10	3.17E-10	3.31E-10	3.49E-10	3.72E-10	3.97E-10	4.26E-10	4.57E-10	4.90E-10	5.24E-10	5.60E-10	5.97E-10	6.36E-10	6.76E-10	7.18E-10	7.65E-10	8.25E-10	8.83E-10	9.51E-10
k41	41	19	22	1.24E-08	1.24E-08	1.24E-08	1.24E-08	1.24E-08	1.24E-08	1.24E-08	1.24E-08	1.24E-08	1.24E-08	1.24E-08	1.25E-08	1.25E-08	1.26E-08	1.26E-08	1.27E-08	1.27E-08	1.28E-08	1.29E-08	1.29E-08	1.30E-08	1.31E-08	1.32E-08	1.33E-08	1.34E-08	1.35E-08
ca40	40	20	20	2.90E-06	2.90E-06	2.90E-06	2.90E-06	2.90E-06	2.90E-06	2.90E-06	2.90E-06	2.90E-06	2.90E-06	2.90E-06	2.89E-06	2.89E-06	2.89E-06	2.89E-06	2.89E-06	2.89E-06	2.89E-06	2.89E-06	2.89E-06	2.89E-06	2.89E-06	2.88E-06	2.88E-06	2.88E-06	2.88E-06
ca41	41	20	21	0.00E+00	3.42E-22	3.10E-22	2.78E-22	2.52E-22	1.32E-19	2.42E-12	9.53E-12	2.19E-11	4.02E-11	6.28E-11	8.77E-11	1.13E-10	1.38E-10	1.63E-10	1.86E-10	2.06E-10	2.25E-10	2.42E-10	2.59E-10	2.75E-10	2.92E-10	3.12E-10	3.50E-10	3.88E-10	4.22E-10
ca42	42	20	22	1.93E-08	1.93E-08	1.93E-08	1.93E-08	1.93E-08	1.93E-08	1.93E-08	1.93E-08	1.94E-08	1.94E-08	1.94E-08	1.94E-08	1.95E-08	1.95E-08	1.96E-08	1.96E-08	1.97E-08	1.97E-08	1.98E-08	1.99E-08	1.99E-08	2.00E-08	2.01E-08	2.02E-08	2.03E-08	2.04E-08
ca43	43	20	23	4.03E-09	4.03E-09	4.03E-09	4.03E-09	4.03E-09	4.03E-09	4.03E-09	4.04E-09	4.04E-09	4.04E-09	4.05E-09	4.06E-09	4.06E-09	4.07E-09	4.08E-09	4.09E-09	4.10E-09	4.11E-09	4.13E-09	4.14E-09	4.16E-09	4.17E-09	4.19E-09	4.22E-09	4.24E-09	4.26E-09
ca44	44	20	24	6.23E-08	6.23E-08	6.23E-08	6.23E-08	6.23E-08	6.23E-08	6.23E-08	6.23E-08	6.24E-08	6.24E-08	6.24E-08	6.24E-08	6.25E-08	6.25E-08	6.25E-08	6.25E-08	6.26E-08	6.26E-08	6.26E-08	6.26E-08	6.27E-08	6.27E-08	6.27E-08	6.27E-08	6.28E-08	6.28E-08
ca45	45	20	25	0.00E+00	0.00E+00	0.00E+00	0.00E+00	0.00E+00	0.00E+00	0.00E+00	0.00E+00	0.00E+00	0.00E+00	0.00E+00	0.00E+00	0.00E+00	0.00E+00	0.00E+00	0.00E+00	0.00E+00	0.00E+00	0.00E+00	0.00E+00	0.00E+00	0.00E+00	0.00E+00	0.00E+00	0.00E+00	0.00E+00
ca46	46	20	26	1.20E-10	1.20E-10	1.20E-10	1.20E-10	1.20E-10	1.20E-10	1.21E-10	1.26E-10	1.35E-10	1.50E-10	1.68E-10	1.88E-10	2.08E-10	2.28E-10	2.49E-10	2.71E-10	2.92E-10	3.14E-10	3.37E-10	3.61E-10	3.86E-10	4.11E-10	4.41E-10	4.80E-10	5.18E-10	5.59E-10
ca47	47	20	27	0.00E+00	0.00E+00	0.00E+00	0.00E+00	0.00E+00	0.00E+00	0.00E+00	0.00E+00	0.00E+00	0.00E+00	0.00E+00	0.00E+00	0.00E+00	0.00E+00	0.00E+00	0.00E+00	0.00E+00	0.00E+00	0.00E+00	0.00E+00	0.00E+00	0.00E+00	0.00E+00	0.00E+00	0.00E+00	0.00E+00
ca48	48	20	28	5.59E-09	5.59E-09	5.59E-09	5.59E-09	5.59E-09	5.59E-09	5.59E-09	5.59E-09	5.59E-09	5.59E-09	5.59E-09	5.59E-09	5.59E-09	5.59E-09	5.59E-09	5.59E-09	5.59E-09	5.59E-09	5.58E-09	5.58E-09	5.58E-09	5.58E-09	5.58E-09	5.58E-09	5.58E-09	5.58E-09
sc45	45	21	24	1.72E-09	1.72E-09	1.72E-09	1.72E-09	1.72E-09	1.72E-09	1.72E-09	1.72E-09	1.72E-09	1.73E-09	1.73E-09	1.74E-09	1.75E-09	1.76E-09	1.77E-09	1.78E-09	1.79E-09	1.81E-09	1.82E-09	1.84E-09	1.86E-09	1.88E-09	1.90E-09	1.93E-09	1.96E-09	1.99E-09
sc46	46	21	25	0.00E+00	0.00E+00	0.00E+00	0.00E+00	0.00E+00	0.00E+00	0.00E+00	0.00E+00	0.00E+00	0.00E+00	0.00E+00	0.00E+00	0.00E+00	0.00E+00	0.00E+00	0.00E+00	0.00E+00	0.00E+00	0.00E+00	0.00E+00	0.00E+00	0.00E+00	0.00E+00	0.00E+00	0.00E+00	0.00E+00
sc47	47	21	26	0.00E+00	0.00E+00	0.00E+00	0.00E+00	0.00E+00	0.00E+00	0.00E+00	0.00E+00	0.00E+00	0.00E+00	0.00E+00	0.00E+00	0.00E+00	0.00E+00	0.00E+00	0.00E+00	0.00E+00	0.00E+00	0.00E+00	0.00E+00	0.00E+00	0.00E+00	0.00E+00	0.00E+00	0.00E+00	0.00E+00
sc48	48	21	27	1.02E-30	1.02E-30	1.02E-30	1.02E-30	1.02E-30	1.02E-30	1.02E-30	1.02E-30	1.02E-30	1.02E-30	1.02E-30	1.02E-30	1.02E-30	1.02E-30	1.02E-30	1.02E-30	1.02E-30	1.02E-30	1.02E-30	1.02E-30	1.02E-30	1.02E-30	1.02E-30	1.02E-30	1.02E-30	1.02E-30
ti46	46	22	24	1.03E-08	1.03E-08	1.03E-08	1.03E-08	1.03E-08	1.03E-08	1.03E-08	1.03E-08	1.03E-08	1.03E-08	1.03E-08	1.03E-08	1.03E-08	1.03E-08	1.03E-08	1.03E-08	1.03E-08	1.03E-08	1.03E-08	1.03E-08	1.03E-08	1.03E-08	1.03E-08	1.03E-08	1.03E-08	1.03E-08
ti47	47	22	25	9.27E-09	9.27E-09	9.27E-09	9.27E-09	9.27E-09	9.27E-09	9.27E-09	9.27E-09	9.27E-09	9.27E-09	9.27E-09	9.27E-09	9.26E-09	9.26E-09	9.26E-09	9.26E-09	9.25E-09	9.25E-09	9.24E-09	9.24E-09	9.23E-09	9.23E-09	9.22E-09	9.21E-09	9.21E-09	9.20E-09
ti48	48	22	26	9.18E-08	9.18E-08	9.18E-08	9.18E-08	9.18E-08	9.18E-08	9.18E-08	9.18E-08	9.18E-08	9.18E-08	9.18E-08	9.17E-08	9.17E-08	9.17E-08	9.16E-08	9.16E-08	9.15E-08	9.14E-08	9.14E-08	9.13E-08	9.12E-08	9.11E-08	9.10E-08	9.08E-08	9.07E-08	9.06E-08
ti49	49	22	27	6.74E-09	6.74E-09	6.74E-09	6.74E-09	6.74E-09	6.74E-09	6.74E-09	6.75E-09	6.76E-09	6.77E-09	6.80E-09	6.83E-09	6.86E-09	6.90E-09	6.95E-09	7.00E-09	7.05E-09	7.11E-09	7.17E-09	7.24E-09	7.31E-09	7.38E-09	7.46E-09	7.57E-09	7.68E-09	7.78E-09
ti50	50	22	28	6.45E-09	6.45E-09	6.45E-09	6.45E-09	6.45E-09	6.45E-09	6.45E-09	6.46E-09	6.49E-09	6.52E-09	6.56E-09	6.60E-09	6.64E-09	6.69E-09	6.74E-09	6.79E-09	6.84E-09	6.90E-09	6.96E-09	7.03E-09	7.09E-09	7.17E-09	7.25E-09	7.37E-09	7.48E-09	7.59E-09
v51	51	23	28	1.39E-08	1.39E-08	1.39E-08	1.39E-08	1.39E-08	1.39E-08	1.39E-08	1.39E-08	1.39E-08	1.39E-08	1.39E-08	1.39E-08	1.39E-08	1.39E-08	1.39E-08	1.39E-08	1.39E-08	1.39E-08	1.39E-08	1.38E-08	1.38E-08	1.38E-08	1.38E-08	1.38E-08	1.38E-08	1.37E-08
cr52	52	24	28	5.60E-07	5.61E-07	5.61E-07	5.61E-07	5.61E-07	5.61E-07	5.61E-07	5.60E-07	5.60E-07	5.60E-07	5.60E-07	5.60E-07	5.60E-07	5.60E-07	5.60E-07	5.60E-07	5.60E-07	5.59E-07	5.59E-07	5.59E-07	5.59E-07	5.58E-07	5.58E-07	5.58E-07	5.57E-07	5.57E-07
cr53	53	24	29	6.35E-08	6.36E-08	6.36E-08	6.36E-08	6.36E-08	6.36E-08	6.36E-08	6.36E-08	6.35E-08	6.35E-08	6.35E-08	6.35E-08	6.35E-08	6.35E-08	6.35E-08	6.35E-08	6.35E-08	6.35E-08	6.35E-08	6.34E-08	6.34E-08	6.34E-08	6.34E-08	6.34E-08	6.34E-08	6.34E-08
cr54	54	24	30	1.58E-08	1.58E-08	1.58E-08	1.58E-08	1.58E-08	1.58E-08	1.58E-08	1.58E-08	1.59E-08	1.59E-08	1.59E-08	1.60E-08	1.61E-08	1.61E-08	1.62E-08	1.64E-08	1.65E-08	1.66E-08	1.68E-08	1.70E-08	1.71E-08	1.73E-08	1.76E-08	1.79E-08	1.82E-08	1.85E-08
mn55	55	25	30	4.63E-07	4.63E-07	4.63E-07	4.63E-07	4.63E-07	4.63E-07	4.63E-07	4.63E-07	4.63E-07	4.63E-07	4.64E-07	4.64E-07	4.64E-07	4.65E-07	4.66E-07	4.66E-07	4.67E-07	4.67E-07	4.68E-07	4.69E-07	4.69E-07	4.70E-07	4.71E-07	4.71E-07	4.72E-07	4.73E-07
fe54	54	26	28	3.11E-06	3.11E-06	3.11E-06	3.11E-06	3.11E-06	3.11E-06	3.11E-06	3.11E-06	3.11E-06	3.10E-06	3.10E-06	3.10E-06	3.10E-06	3.10E-06	3.10E-06	3.09E-06	3.09E-06	3.09E-06	3.09E-06	3.08E-06	3.08E-06	3.08E-06	3.07E-06	3.07E-06	3.06E-06	3.05E-06
fe55	55	26	29	0.00E+00	0.00E+00	0.00E+00	0.00E+00	0.00E+00	0.00E+00	0.00E+00	3.82E-37	2.62E-36	2.20E-35	7.00E-36	4.12E-35	9.91E-36	7.42E-36	3.93E-35	3.30E-35	2.30E-35	1.73E-35	8.53E-35	7.44E-35	6.11E-35	3.97E-35	1.20E-36	0.00E+00	0.00E+00	0.00E+00
fe56	56	26	30	4.87E-05	4.88E-05	4.88E-05	4.88E-05	4.88E-05	4.88E-05	4.88E-05	4.88E-05	4.87E-05	4.87E-05	4.87E-05	4.87E-05	4.87E-05	4.87E-05	4.87E-05	4.87E-05	4.87E-05	4.86E-05	4.86E-05	4.86E-05	4.86E-05	4.85E-05	4.85E-05	4.85E-05	4.84E-05	4.84E-05
fe57	57	26	31	1.13E-06	1.13E-06	1.13E-06	1.13E-06	1.13E-06	1.13E-06	1.13E-06	1.13E-06	1.13E-06	1.13E-06	1.13E-06	1.13E-06	1.14E-06	1.14E-06	1.15E-06	1.16E-06	1.16E-06	1.17E-06	1.18E-06	1.19E-06	1.20E-06	1.21E-06	1.22E-06	1.24E-06	1.25E-06	1.27E-06
fe58	58	26	32	1.50E-07	1.50E-07	1.50E-07	1.50E-07	1.50E-07	1.50E-07	1.50E-07	1.50E-07	1.51E-07	1.52E-07	1.54E-07	1.56E-07	1.59E-07	1.63E-07	1.67E-07	1.72E-07	1.78E-07	1.85E-07	1.93E-07	2.03E-07	2.12E-07	2.23E-07	2.36E-07	2.55E-07	2.72E-07	2.88E-07
fe59	59	26	33	0.00E+00	0.00E+00	0.00E+00	0.00E+00	0.00E+00	0.00E+00	0.00E+00	0.00E+00	0.00E+00	0.00E+00	0.00E+00	0.00E+00	0.00E+00	0.00E+00	0.00E+00	0.00E+00	0.00E+00	0.00E+00	0.00E+00	0.00E+00	0.00E+00	0.00E+00	0.00E+00	0.00E+00	0.00E+00	0.00E+00
fe60	60	26	34	0.00E+00	3.25E-35	3.24E-35	3.22E-35	3.18E-35	2.61E-31	2.78E-14	1.54E-13	4.40E-13	1.08E-12	2.62E-12	5.94E-12	1.26E-11	2.40E-11	4.36E-11	7.48E-11	1.21E-10	1.87E-10	2.85E-10	4.21E-10	5.75E-10	7.64E-10	1.02E-09	1.51E-09	1.92E-09	2.18E-09
co59	59	27	32	1.14E-07	1.14E-07	1.14E-07	1.14E-07	1.14E-07	1.14E-07	1.14E-07	1.14E-07	1.14E-07	1.14E-07	1.14E-07	1.15E-07	1.16E-07	1.16E-07	1.17E-07	1.18E-07	1.19E-07	1.21E-07	1.22E-07	1.24E-07	1.26E-07	1.28E-07	1.31E-07	1.34E-07	1.38E-07	1.41E-07
co60	60	27	33	0.00E+00	0.00E+00	0.00E+00	0.00E+00	0.00E+00	5.25E-37	5.61E-20	3.11E-19	8.87E-19	2.18E-18	5.27E-18	1.20E-17	2.54E-17	4.83E-17	8.78E-17	1.51E-16	2.44E-16	3.77E-16	5.75E-16	8.48E-16	1.16E-15	1.54E-15	2.06E-15	3.05E-15	3.87E-15	4.38E-15
ni58	58	28	30	1.65E-06	1.65E-06	1.65E-06	1.65E-06	1.65E-06	1.65E-06	1.65E-06	1.65E-06	1.65E-06	1.65E-06	1.65E-06	1.65E-06	1.65E-06	1.65E-06	1.65E-06	1.65E-06	1.65E-06	1.64E-06	1.64E-06	1.64E-06	1.64E-06	1.64E-06	1.63E-06	1.63E-06	1.63E-06	1.62E-06
ni59	59	28	31	0.00E+00	5.25E-22	4.60E-22	3.98E-22	3.39E-22	2.47E-19	1.04E-11	4.27E-11	1.05E-10	2.06E-10	3.45E-10	5.04E-10	6.71E-10	8.40E-10	1.01E-09	1.16E-09	1.29E-09	1.40E-09	1.50E-09	1.59E-09	1.67E-09	1.75E-09	1.85E-09	2.04E-09	2.26E-09	2.43E-09
ni60	60	28	32	6.37E-07	6.37E-07	6.37E-07	6.37E-07	6.37E-07	6.37E-07	6.37E-07	6.37E-07	6.37E-07	6.37E-07	6.38E-07	6.38E-07	6.38E-07	6.39E-07	6.39E-07	6.39E-07	6.40E-07	6.40E-07	6.41E-07	6.42E-07	6.42E-07	6.43E-07	6.44E-07	6.45E-07	6.46E-07	6.48E-07
ni61	61	28	33	2.77E-08	2.77E-08	2.77E-08	2.77E-08	2.77E-08	2.77E-08	2.77E-08	2.77E-08	2.78E-08	2.80E-08	2.82E-08	2.84E-08	2.87E-08	2.90E-08	2.94E-08	2.98E-08	3.03E-08	3.08E-08	3.13E-08	3.19E-08	3.26E-08	3.33E-08	3.41E-08	3.52E-08	3.63E-08	3.74E-08
ni62	62	28	34	8.83E-08	8.83E-08	8.83E-08	8.83E-08	8.83E-08	8.83E-08	8.83E-08	8.83E-08	8.85E-08	8.86E-08	8.89E-08	8.92E-08	8.96E-08	9.00E-08	9.04E-08	9.10E-08	9.16E-08	9.22E-08	9.30E-08	9.39E-08	9.48E-08	9.58E-08	9.70E-08	9.87E-08	1.00E-07	1.02E-07
ni63	63	28	35	0.00E+00	0.00E+00	0.00E+00	0.00E+00	0.00E+00	0.00E+00	0.00E+00	3.13E-36	1.65E-35	1.23E-34	4.12E-35	1.98E-34	5.22E-35	4.08E-35	1.73E-34	1.50E-34	1.07E-34	8.69E-35	3.51E-34	3.10E-34	2.71E-34	2.00E-34	2.27E-35	0.00E+00	0.00E+00	0.00E+00
ni64	64	28	36	2.25E-08	2.25E-08	2.25E-08	2.25E-08	2.25E-08	2.25E-08	2.25E-08	2.28E-08	2.33E-08	2.39E-08	2.48E-08	2.57E-08	2.67E-08	2.77E-08	2.87E-08	2.98E-08	3.09E-08	3.20E-08	3.32E-08	3.45E-08	3.58E-08	3.72E-08	3.88E-08	4.09E-08	4.31E-08	4.53E-08
cu63	63	29	34	1.88E-08	1.89E-08	1.89E-08	1.89E-08	1.89E-08	1.89E-08	1.89E-08	1.89E-08	1.89E-08	1.90E-08	1.91E-08	1.92E-08	1.93E-08	1.95E-08	1.96E-08	1.98E-08	2.00E-08	2.02E-08	2.04E-08	2.07E-08	2.10E-08	2.14E-08	2.18E-08	2.24E-08	2.30E-08	2.35E-08
cu64	64	29	35	0.00E+00	0.00E+00	0.00E+00	0.00E+00	0.00E+00	0.00E+00	0.00E+00	0.00E+00	0.00E+00	0.00E+00	0.00E+00	0.00E+00	0.00E+00	0.00E+00	0.00E+00	0.00E+00	0.00E+00	0.00E+00	0.00E+00	0.00E+00	0.00E+00	0.00E+00	0.00E+00	0.00E+00	0.00E+00	0.00E+00
cu65	65	29	36	8.40E-09	8.40E-09	8.40E-09	8.40E-09	8.40E-09	8.40E-09	8.41E-09	8.47E-09	8.59E-09	8.75E-09	8.96E-09	9.20E-09	9.44E-09	9.70E-09	9.97E-09	1.02E-08	1.05E-08	1.08E-08	1.11E-08	1.14E-08	1.17E-08	1.20E-08	1.24E-08	1.29E-08	1.34E-08	1.39E-08
zn64	64	30	34	3.18E-08	3.18E-08	3.18E-08	3.18E-08	3.18E-08	3.18E-08	3.18E-08	3.18E-08	3.18E-08	3.19E-08	3.19E-08	3.20E-08	3.20E-08	3.21E-08	3.21E-08	3.21E-08	3.22E-08	3.22E-08	3.22E-08	3.22E-08	3.22E-08	3.23E-08	3.23E-08	3.23E-08	3.23E-08	3.24E-08
zn65	65	30	35	0.00E+00	0.00E+00	0.00E+00	0.00E+00	0.00E+00	0.00E+00	0.00E+00	0.00E+00	0.00E+00	2.04E-38	0.00E+00	3.94E-38	0.00E+00	0.00E+00	3.54E-38	2.96E-38	2.22E-38	1.61E-38	7.78E-38	6.69E-38	5.34E-38	3.13E-38	0.00E+00	0.00E+00	0.00E+00	0.00E+00
zn66	66	30	36	1.82E-08	1.82E-08	1.82E-08	1.82E-08	1.82E-08	1.82E-08	1.83E-08	1.83E-08	1.84E-08	1.86E-08	1.88E-08	1.91E-08	1.93E-08	1.96E-08	1.99E-08	2.02E-08	2.05E-08	2.08E-08	2.11E-08	2.14E-08	2.18E-08	2.21E-08	2.26E-08	2.31E-08	2.36E-08	2.42E-08
zn67	67	30	37	2.68E-09	2.68E-09	2.68E-09	2.68E-09	2.68E-09	2.68E-09	2.68E-09	2.70E-09	2.72E-09	2.76E-09	2.81E-09	2.86E-09	2.92E-09	2.98E-09	3.04E-09	3.11E-09	3.18E-09	3.24E-09	3.32E-09	3.39E-09	3.47E-09	3.55E-09	3.64E-09	3.76E-09	3.88E-09	4.01E-09
zn68	68	30	38	1.23E-08	1.23E-08	1.23E-08	1.23E-08	1.23E-08	1.23E-08	1.23E-08	1.24E-08	1.25E-08	1.27E-08	1.30E-08	1.33E-08	1.37E-08	1.40E-08	1.44E-08	1.47E-08	1.51E-08	1.55E-08	1.59E-08	1.64E-08	1.68E-08	1.73E-08	1.78E-08	1.86E-08	1.93E-08	2.00E-08
zn69	69	30	39	0.00E+00	0.00E+00	0.00E+00	0.00E+00	0.00E+00	0.00E+00	0.00E+00	0.00E+00	0.00E+00	0.00E+00	0.00E+00	0.00E+00	0.00E+00	0.00E+00	0.00E+00	0.00E+00	0.00E+00	0.00E+00	0.00E+00	0.00E+00	0.00E+00	0.00E+00	0.00E+00	0.00E+00	0.00E+00	0.00E+00
zn70	70	30	40	4.05E-10	4.05E-10	4.05E-10	4.05E-10	4.05E-10	4.05E-10	4.05E-10	4.06E-10	4.06E-10	4.07E-10	4.09E-10	4.10E-10	4.11E-10	4.13E-10	4.14E-10	4.15E-10	4.17E-10	4.18E-10	4.20E-10	4.21E-10	4.23E-10	4.24E-10	4.26E-10	4.29E-10	4.31E-10	4.34E-10
ga69	69	31	38	1.11E-09	1.11E-09	1.11E-09	1.11E-09	1.11E-09	1.11E-09	1.11E-09	1.13E-09	1.15E-09	1.19E-09	1.24E-09	1.29E-09	1.34E-09	1.40E-09	1.45E-09	1.51E-09	1.56E-09	1.62E-09	1.68E-09	1.74E-09	1.80E-09	1.87E-09	1.95E-09	2.05E-09	2.15E-09	2.25E-09
ga70	70	31	39	0.00E+00	0.00E+00	0.00E+00	0.00E+00	0.00E+00	0.00E+00	0.00E+00	0.00E+00	0.00E+00	0.00E+00	0.00E+00	0.00E+00	0.00E+00	0.00E+00	0.00E+00	0.00E+00	0.00E+00	0.00E+00	0.00E+00	0.00E+00	0.00E+00	0.00E+00	0.00E+00	0.00E+00	0.00E+00	0.00E+00
ga71	71	31	40	7.35E-10	7.35E-10	7.35E-10	7.35E-10	7.35E-10	7.35E-10	7.38E-10	7.54E-10	7.84E-10	8.29E-10	8.84E-10	9.44E-10	1.00E-09	1.07E-09	1.13E-09	1.19E-09	1.25E-09	1.31E-09	1.37E-09	1.44E-09	1.50E-09	1.56E-09	1.63E-09	1.72E-09	1.82E-09	1.93E-09
ge70	70	32	38	1.21E-09	1.21E-09	1.21E-09	1.21E-09	1.21E-09	1.21E-09	1.22E-09	1.25E-09	1.30E-09	1.37E-09	1.45E-09	1.55E-09	1.64E-09	1.74E-09	1.84E-09	1.93E-09	2.03E-09	2.13E-09	2.23E-09	2.33E-09	2.44E-09	2.54E-09	2.67E-09	2.83E-09	2.99E-09	3.17E-09
ge71	71	32	39	0.00E+00	0.00E+00	0.00E+00	0.00E+00	0.00E+00	0.00E+00	0.00E+00	0.00E+00	0.00E+00	0.00E+00	0.00E+00	0.00E+00	0.00E+00	0.00E+00	0.00E+00	0.00E+00	0.00E+00	0.00E+00	0.00E+00	0.00E+00	0.00E+00	0.00E+00	0.00E+00	0.00E+00	0.00E+00	0.00E+00
ge72	72	32	40	1.60E-09	1.60E-09	1.60E-09	1.60E-09	1.60E-09	1.60E-09	1.61E-09	1.64E-09	1.69E-09	1.77E-09	1.86E-09	1.97E-09	2.07E-09	2.19E-09	2.30E-09	2.42E-09	2.54E-09	2.65E-09	2.77E-09	2.90E-09	3.02E-09	3.15E-09	3.30E-09	3.48E-09	3.67E-09	3.87E-09
ge73	73	32	41	4.50E-10	4.50E-10	4.50E-10	4.50E-10	4.50E-10	4.50E-10	4.52E-10	4.59E-10	4.74E-10	4.95E-10	5.22E-10	5.52E-10	5.83E-10	6.16E-10	6.50E-10	6.85E-10	7.20E-10	7.55E-10	7.92E-10	8.30E-10	8.68E-10	9.08E-10	9.53E-10	1.01E-09	1.07E-09	1.13E-09
ge74	74	32	42	2.11E-09	2.11E-09	2.11E-09	2.11E-09	2.11E-09	2.11E-09	2.12E-09	2.16E-09	2.23E-09	2.32E-09	2.45E-09	2.58E-09	2.72E-09	2.86E-09	3.01E-09	3.16E-09	3.31E-09	3.46E-09	3.63E-09	3.80E-09	3.97E-09	4.15E-09	4.35E-09	4.62E-09	4.88E-09	5.15E-09
as75	75	33	42	3.06E-10	3.06E-10	3.06E-10	3.06E-10	3.06E-10	3.06E-10	3.06E-10	3.10E-10	3.16E-10	3.25E-10	3.36E-10	3.48E-10	3.60E-10	3.73E-10	3.86E-10	4.00E-10	4.14E-10	4.28E-10	4.42E-10	4.57E-10	4.73E-10	4.89E-10	5.08E-10	5.32E-10	5.56E-10	5.80E-10
se76	76	34	42	3.14E-10	3.14E-10	3.14E-10	3.14E-10	3.14E-10	3.14E-10	3.17E-10	3.29E-10	3.53E-10	3.87E-10	4.27E-10	4.72E-10	5.17E-10	5.64E-10	6.11E-10	6.59E-10	7.08E-10	7.57E-10	8.09E-10	8.62E-10	9.17E-10	9.74E-10	1.04E-09	1.12E-09	1.21E-09	1.30E-09
se77	77	34	43	2.56E-10	2.56E-10	2.56E-10	2.56E-10	2.56E-10	2.56E-10	2.57E-10	2.62E-10	2.71E-10	2.85E-10	3.01E-10	3.19E-10	3.37E-10	3.55E-10	3.74E-10	3.93E-10	4.12E-10	4.31E-10	4.51E-10	4.72E-10	4.94E-10	5.16E-10	5.41E-10	5.74E-10	6.07E-10	6.42E-10
se78	78	34	44	7.97E-10	7.97E-10	7.97E-10	7.97E-10	7.97E-10	7.97E-10	8.04E-10	8.35E-10	8.95E-10	9.84E-10	1.09E-09	1.21E-09	1.33E-09	1.46E-09	1.58E-09	1.71E-09	1.84E-09	1.97E-09	2.11E-09	2.25E-09	2.40E-09	2.55E-09	2.72E-09	2.94E-09	3.16E-09	3.40E-09
se79	79	34	45	0.00E+00	1.57E-24	1.52E-24	1.46E-24	1.39E-24	4.75E-22	1.43E-12	7.79E-12	1.99E-11	3.74E-11	5.83E-11	8.03E-11	1.02E-10	1.23E-10	1.44E-10	1.64E-10	1.84E-10	2.02E-10	2.22E-10	2.41E-10	2.60E-10	2.79E-10	3.02E-10	3.37E-10	3.72E-10	4.02E-10
se80	80	34	46	1.66E-09	1.66E-09	1.66E-09	1.66E-09	1.66E-09	1.66E-09	1.67E-09	1.71E-09	1.79E-09	1.90E-09	2.04E-09	2.19E-09	2.34E-09	2.50E-09	2.66E-09	2.82E-09	2.98E-09	3.15E-09	3.32E-09	3.51E-09	3.69E-09	3.89E-09	4.11E-09	4.39E-09	4.68E-09	4.98E-09
br79	79	35	44	2.69E-10	2.69E-10	2.69E-10	2.69E-10	2.69E-10	2.69E-10	2.69E-10	2.70E-10	2.71E-10	2.72E-10	2.75E-10	2.79E-10	2.84E-10	2.90E-10	2.97E-10	3.06E-10	3.15E-10	3.26E-10	3.37E-10	3.50E-10	3.63E-10	3.77E-10	3.93E-10	4.08E-10	4.23E-10	4.45E-10
br80	80	35	45	0.00E+00	0.00E+00	0.00E+00	0.00E+00	0.00E+00	0.00E+00	0.00E+00	0.00E+00	0.00E+00	0.00E+00	0.00E+00	0.00E+00	0.00E+00	0.00E+00	0.00E+00	0.00E+00	0.00E+00	0.00E+00	0.00E+00	0.00E+00	0.00E+00	0.00E+00	0.00E+00	0.00E+00	0.00E+00	0.00E+00
br81	81	35	46	2.62E-10	2.62E-10	2.62E-10	2.62E-10	2.62E-10	2.62E-10	2.63E-10	2.68E-10	2.78E-10	2.93E-10	3.11E-10	3.31E-10	3.51E-10	3.72E-10	3.93E-10	4.15E-10	4.37E-10	4.58E-10	4.82E-10	5.06E-10	5.31E-10	5.56E-10	5.86E-10	6.24E-10	6.62E-10	7.01E-10
kr80	80	36	44	6.34E-11	6.34E-11	6.34E-11	6.34E-11	6.34E-11	6.34E-11	6.34E-11	6.35E-11	6.37E-11	6.40E-11	6.43E-11	6.45E-11	6.46E-11	6.47E-11	6.47E-11	6.47E-11	6.46E-11	6.46E-11	6.45E-11	6.44E-11	6.43E-11	6.42E-11	6.40E-11	6.39E-11	6.37E-11	6.36E-11
kr81	81	36	45	0.00E+00	7.06E-25	6.75E-25	6.44E-25	6.07E-25	2.16E-22	5.50E-15	3.31E-14	1.19E-13	2.69E-13	4.33E-13	5.71E-13	6.65E-13	7.37E-13	7.69E-13	7.76E-13	7.64E-13	7.40E-13	7.08E-13	6.73E-13	6.40E-13	6.07E-13	5.73E-13	5.41E-13	5.20E-13	5.80E-13
kr82	82	36	46	3.18E-10	3.18E-10	3.18E-10	3.18E-10	3.18E-10	3.18E-10	3.23E-10	3.49E-10	3.96E-10	4.62E-10	5.40E-10	6.23E-10	7.05E-10	7.88E-10	8.71E-10	9.54E-10	1.04E-09	1.12E-09	1.20E-09	1.29E-09	1.38E-09	1.47E-09	1.58E-09	1.72E-09	1.85E-09	2.00E-09
kr83	83	36	47	3.15E-10	3.15E-10	3.15E-10	3.15E-10	3.15E-10	3.15E-10	3.16E-10	3.22E-10	3.36E-10	3.57E-10	3.82E-10	4.10E-10	4.39E-10	4.68E-10	4.98E-10	5.28E-10	5.57E-10	5.87E-10	6.18E-10	6.50E-10	6.82E-10	7.16E-10	7.54E-10	8.02E-10	8.52E-10	9.04E-10
kr84	84	36	48	1.55E-09	1.55E-09	1.55E-09	1.55E-09	1.55E-09	1.55E-09	1.56E-09	1.61E-09	1.70E-09	1.84E-09	2.00E-09	2.18E-09	2.36E-09	2.54E-09	2.73E-09	2.92E-09	3.11E-09	3.30E-09	3.51E-09	3.72E-09	3.94E-09	4.17E-09	4.43E-09	4.76E-09	5.10E-09	5.45E-09
kr-5	85	36	49	0.00E+00	0.00E+00	0.00E+00	0.00E+00	0.00E+00	0.00E+00	0.00E+00	0.00E+00	0.00E+00	2.55E-38	0.00E+00	5.26E-38	1.42E-38	0.00E+00	6.24E-38	5.65E-38	4.13E-38	3.42E-38	1.70E-37	1.58E-37	1.41E-37	1.03E-37	0.00E+00	0.00E+00	0.00E+00	0.00E+00
kr*5	85	36	49	0.00E+00	0.00E+00	0.00E+00	0.00E+00	0.00E+00	0.00E+00	0.00E+00	0.00E+00	0.00E+00	0.00E+00	0.00E+00	0.00E+00	0.00E+00	0.00E+00	0.00E+00	0.00E+00	0.00E+00	0.00E+00	0.00E+00	0.00E+00	0.00E+00	0.00E+00	0.00E+00	0.00E+00	0.00E+00	0.00E+00
kr86	86	36	50	4.69E-10	4.69E-10	4.69E-10	4.69E-10	4.69E-10	4.69E-10	4.71E-10	4.79E-10	4.94E-10	5.16E-10	5.43E-10	5.72E-10	6.01E-10	6.33E-10	6.66E-10	7.03E-10	7.44E-10	7.92E-10	8.50E-10	9.21E-10	9.98E-10	1.09E-09	1.20E-09	1.38E-09	1.54E-09	1.68E-09
rb85	85	37	48	2.49E-10	2.49E-10	2.49E-10	2.49E-10	2.49E-10	2.49E-10	2.50E-10	2.56E-10	2.69E-10	2.88E-10	3.14E-10	3.45E-10	3.78E-10	4.13E-10	4.52E-10	4.94E-10	5.39E-10	5.86E-10	6.40E-10	6.98E-10	7.57E-10	8.21E-10	8.96E-10	9.98E-10	1.10E-09	1.17E-09
rb86	86	37	49	0.00E+00	0.00E+00	0.00E+00	0.00E+00	0.00E+00	0.00E+00	0.00E+00	0.00E+00	0.00E+00	0.00E+00	0.00E+00	0.00E+00	0.00E+00	0.00E+00	0.00E+00	0.00E+00	0.00E+00	0.00E+00	0.00E+00	0.00E+00	0.00E+00	0.00E+00	0.00E+00	0.00E+00	0.00E+00	0.00E+00
rb87	87	37	50	1.09E-10	1.09E-10	1.09E-10	1.09E-10	1.09E-10	1.09E-10	1.09E-10	1.09E-10	1.10E-10	1.11E-10	1.13E-10	1.16E-10	1.21E-10	1.28E-10	1.37E-10	1.50E-10	1.65E-10	1.85E-10	2.09E-10	2.39E-10	2.72E-10	3.09E-10	3.55E-10	4.27E-10	4.92E-10	5.40E-10
sr86	86	38	48	1.15E-10	1.15E-10	1.15E-10	1.15E-10	1.15E-10	1.15E-10	1.19E-10	1.38E-10	1.75E-10	2.28E-10	2.89E-10	3.53E-10	4.15E-10	4.76E-10	5.34E-10	5.89E-10	6.42E-10	6.92E-10	7.44E-10	7.94E-10	8.45E-10	8.97E-10	9.53E-10	1.02E-09	1.09E-09	1.20E-09
sr87	87	38	49	7.34E-11	7.37E-11	7.37E-11	7.37E-11	7.37E-11	7.37E-11	7.63E-11	8.84E-11	1.12E-10	1.45E-10	1.85E-10	2.27E-10	2.69E-10	3.10E-10	3.50E-10	3.89E-10	4.25E-10	4.61E-10	4.96E-10	5.31E-10	5.66E-10	6.01E-10	6.39E-10	6.83E-10	7.31E-10	7.98E-10
sr88	88	38	50	9.61E-10	9.61E-10	9.61E-10	9.61E-10	9.61E-10	9.61E-10	9.87E-10	1.11E-09	1.35E-09	1.70E-09	2.10E-09	2.53E-09	2.95E-09	3.38E-09	3.79E-09	4.19E-09	4.59E-09	4.98E-09	5.41E-09	5.85E-09	6.30E-09	6.76E-09	7.28E-09	7.95E-09	8.62E-09	9.36E-09
sr89	89	38	51	0.00E+00	0.00E+00	0.00E+00	0.00E+00	0.00E+00	0.00E+00	0.00E+00	0.00E+00	0.00E+00	0.00E+00	0.00E+00	0.00E+00	0.00E+00	0.00E+00	0.00E+00	0.00E+00	0.00E+00	0.00E+00	0.00E+00	0.00E+00	0.00E+00	0.00E+00	0.00E+00	0.00E+00	0.00E+00	0.00E+00
sr90	90	38	52	0.00E+00	0.00E+00	0.00E+00	0.00E+00	0.00E+00	0.00E+00	0.00E+00	0.00E+00	0.00E+00	0.00E+00	0.00E+00	0.00E+00	0.00E+00	0.00E+00	0.00E+00	0.00E+00	0.00E+00	0.00E+00	0.00E+00	0.00E+00	0.00E+00	0.00E+00	0.00E+00	0.00E+00	0.00E+00	0.00E+00
y89	89	39	50	2.27E-10	2.27E-10	2.27E-10	2.27E-10	2.27E-10	2.27E-10	2.32E-10	2.60E-10	3.14E-10	3.92E-10	4.86E-10	5.85E-10	6.82E-10	7.79E-10	8.73E-10	9.65E-10	1.06E-09	1.15E-09	1.25E-09	1.35E-09	1.46E-09	1.57E-09	1.70E-09	1.86E-09	2.02E-09	2.20E-09
y90	90	39	51	0.00E+00	0.00E+00	0.00E+00	0.00E+00	0.00E+00	0.00E+00	0.00E+00	0.00E+00	0.00E+00	0.00E+00	0.00E+00	0.00E+00	0.00E+00	0.00E+00	0.00E+00	0.00E+00	0.00E+00	0.00E+00	0.00E+00	0.00E+00	0.00E+00	0.00E+00	0.00E+00	0.00E+00	0.00E+00	0.00E+00
y91	91	39	52	0.00E+00	0.00E+00	0.00E+00	0.00E+00	0.00E+00	0.00E+00	0.00E+00	0.00E+00	0.00E+00	0.00E+00	0.00E+00	0.00E+00	0.00E+00	0.00E+00	0.00E+00	0.00E+00	0.00E+00	0.00E+00	0.00E+00	0.00E+00	0.00E+00	0.00E+00	0.00E+00	0.00E+00	0.00E+00	0.00E+00
zr90	90	40	50	2.67E-10	2.67E-10	2.67E-10	2.67E-10	2.67E-10	2.67E-10	2.72E-10	2.99E-10	3.50E-10	4.24E-10	5.12E-10	6.02E-10	6.89E-10	7.75E-10	8.56E-10	9.33E-10	1.01E-09	1.08E-09	1.16E-09	1.24E-09	1.33E-09	1.41E-09	1.51E-09	1.63E-09	1.75E-09	1.89E-09
zr91	91	40	51	5.83E-11	5.83E-11	5.83E-11	5.83E-11	5.83E-11	5.83E-11	5.93E-11	6.47E-11	7.54E-11	9.16E-11	1.11E-10	1.32E-10	1.53E-10	1.74E-10	1.94E-10	2.14E-10	2.33E-10	2.53E-10	2.74E-10	2.97E-10	3.20E-10	3.43E-10	3.70E-10	4.05E-10	4.40E-10	4.78E-10
zr92	92	40	52	8.90E-11	8.91E-11	8.91E-11	8.91E-11	8.91E-11	8.91E-11	9.05E-11	9.85E-11	1.14E-10	1.37E-10	1.65E-10	1.95E-10	2.24E-10	2.52E-10	2.79E-10	3.06E-10	3.32E-10	3.58E-10	3.87E-10	4.17E-10	4.48E-10	4.81E-10	5.19E-10	5.69E-10	6.17E-10	6.71E-10
zr93	93	40	53	0.00E+00	1.66E-25	1.65E-25	1.64E-25	1.61E-25	4.50E-23	4.86E-13	3.15E-12	8.39E-12	1.61E-11	2.54E-11	3.51E-11	4.44E-11	5.35E-11	6.20E-11	7.03E-11	7.83E-11	8.62E-11	9.50E-11	1.04E-10	1.13E-10	1.23E-10	1.34E-10	1.50E-10	1.65E-10	1.82E-10
zr94	94	40	54	9.02E-11	9.03E-11	9.03E-11	9.03E-11	9.03E-11	9.03E-11	9.18E-11	1.01E-10	1.20E-10	1.47E-10	1.80E-10	2.14E-10	2.47E-10	2.78E-10	3.07E-10	3.34E-10	3.60E-10	3.86E-10	4.14E-10	4.42E-10	4.71E-10	5.01E-10	5.35E-10	5.79E-10	6.23E-10	6.77E-10
zr95	95	40	55	0.00E+00	0.00E+00	0.00E+00	0.00E+00	0.00E+00	0.00E+00	0.00E+00	0.00E+00	0.00E+00	0.00E+00	0.00E+00	0.00E+00	0.00E+00	0.00E+00	0.00E+00	0.00E+00	0.00E+00	0.00E+00	0.00E+00	0.00E+00	0.00E+00	0.00E+00	0.00E+00	0.00E+00	0.00E+00	0.00E+00
zr96	96	40	56	1.45E-11	1.45E-11	1.45E-11	1.45E-11	1.45E-11	1.45E-11	1.45E-11	1.45E-11	1.46E-11	1.46E-11	1.48E-11	1.50E-11	1.54E-11	1.60E-11	1.67E-11	1.77E-11	1.88E-11	2.03E-11	2.22E-11	2.47E-11	2.73E-11	3.04E-11	3.43E-11	4.08E-11	4.64E-11	5.00E-11
nb93	93	41	52	3.94E-11	3.94E-11	3.94E-11	3.94E-11	3.94E-11	3.94E-11	3.94E-11	3.94E-11	3.95E-11	3.96E-11	3.98E-11	4.02E-11	4.06E-11	4.10E-11	4.16E-11	4.23E-11	4.30E-11	4.38E-11	4.48E-11	4.58E-11	4.68E-11	4.80E-11	4.93E-11	5.05E-11	5.17E-11	5.36E-11
nb94	94	41	53	0.00E+00	5.71E-26	3.51E-26	2.04E-26	1.14E-26	7.35E-23	4.46E-16	2.59E-15	7.53E-15	1.31E-14	1.58E-14	1.54E-14	1.31E-14	1.08E-14	8.07E-15	5.89E-15	4.17E-15	2.94E-15	2.05E-15	1.42E-15	1.12E-15	8.99E-16	7.13E-16	5.50E-16	7.11E-16	4.22E-15
nb95	95	41	54	0.00E+00	0.00E+00	0.00E+00	0.00E+00	0.00E+00	0.00E+00	0.00E+00	0.00E+00	0.00E+00	0.00E+00	0.00E+00	0.00E+00	0.00E+00	0.00E+00	0.00E+00	0.00E+00	0.00E+00	0.00E+00	0.00E+00	0.00E+00	0.00E+00	0.00E+00	0.00E+00	0.00E+00	0.00E+00	0.00E+00
mo94	94	42	52	1.22E-11	1.22E-11	1.22E-11	1.22E-11	1.22E-11	1.22E-11	1.22E-11	1.22E-11	1.22E-11	1.22E-11	1.22E-11	1.23E-11	1.23E-11	1.23E-11	1.23E-11	1.23E-11	1.22E-11	1.22E-11	1.22E-11	1.22E-11	1.22E-11	1.22E-11	1.21E-11	1.21E-11	1.21E-11	1.20E-11
mo95	95	42	53	2.11E-11	2.11E-11	2.11E-11	2.11E-11	2.11E-11	2.11E-11	2.13E-11	2.22E-11	2.40E-11	2.68E-11	3.04E-11	3.43E-11	3.83E-11	4.23E-11	4.64E-11	5.04E-11	5.45E-11	5.86E-11	6.33E-11	6.84E-11	7.35E-11	7.90E-11	8.54E-11	9.41E-11	1.02E-10	1.10E-10
mo96	96	42	54	2.22E-11	2.23E-11	2.23E-11	2.23E-11	2.23E-11	2.23E-11	2.26E-11	2.44E-11	2.82E-11	3.40E-11	4.10E-11	4.85E-11	5.55E-11	6.24E-11	6.88E-11	7.50E-11	8.10E-11	8.69E-11	9.35E-11	1.00E-10	1.07E-10	1.15E-10	1.23E-10	1.35E-10	1.46E-10	1.58E-10
mo97	97	42	55	1.28E-11	1.28E-11	1.28E-11	1.28E-11	1.28E-11	1.28E-11	1.29E-11	1.35E-11	1.48E-11	1.67E-11	1.90E-11	2.13E-11	2.35E-11	2.56E-11	2.75E-11	2.93E-11	3.10E-11	3.26E-11	3.44E-11	3.62E-11	3.80E-11	3.99E-11	4.21E-11	4.51E-11	4.79E-11	5.16E-11
mo98	98	42	56	3.26E-11	3.26E-11	3.26E-11	3.26E-11	3.26E-11	3.26E-11	3.29E-11	3.51E-11	3.95E-11	4.61E-11	5.41E-11	6.23E-11	7.01E-11	7.74E-11	8.41E-11	9.02E-11	9.59E-11	1.01E-10	1.07E-10	1.12E-10	1.17E-10	1.23E-10	1.29E-10	1.36E-10	1.44E-10	1.56E-10
tc99	99	43	56	0.00E+00	1.11E-25	1.06E-25	1.01E-25	9.46E-26	3.47E-23	4.33E-14	3.00E-13	8.05E-13	1.54E-12	2.38E-12	3.19E-12	3.88E-12	4.47E-12	4.94E-12	5.31E-12	5.60E-12	5.83E-12	6.05E-12	6.26E-12	6.45E-12	6.64E-12	6.87E-12	7.27E-12	7.78E-12	8.62E-12
ru99	99	44	55	1.13E-11	1.13E-11	1.13E-11	1.13E-11	1.13E-11	1.13E-11	1.13E-11	1.13E-11	1.13E-11	1.14E-11	1.16E-11	1.18E-11	1.21E-11	1.24E-11	1.28E-11	1.31E-11	1.35E-11	1.40E-11	1.44E-11	1.49E-11	1.53E-11	1.58E-11	1.63E-11	1.68E-11	1.72E-11	1.78E-11
ru100	100	44	56	1.11E-11	1.11E-11	1.11E-11	1.11E-11	1.11E-11	1.11E-11	1.13E-11	1.23E-11	1.44E-11	1.76E-11	2.14E-11	2.53E-11	2.90E-11	3.26E-11	3.58E-11	3.87E-11	4.15E-11	4.41E-11	4.68E-11	4.94E-11	5.20E-11	5.47E-11	5.76E-11	6.09E-11	6.46E-11	7.02E-11
ru101	101	44	57	1.50E-11	1.50E-11	1.50E-11	1.50E-11	1.50E-11	1.50E-11	1.51E-11	1.53E-11	1.57E-11	1.64E-11	1.72E-11	1.80E-11	1.88E-11	1.95E-11	2.02E-11	2.08E-11	2.14E-11	2.19E-11	2.24E-11	2.30E-11	2.35E-11	2.41E-11	2.46E-11	2.53E-11	2.61E-11	2.72E-11
ru102	102	44	58	2.78E-11	2.78E-11	2.78E-11	2.78E-11	2.78E-11	2.78E-11	2.80E-11	2.93E-11	3.19E-11	3.60E-11	4.09E-11	4.61E-11	5.10E-11	5.57E-11	6.00E-11	6.40E-11	6.78E-11	7.13E-11	7.51E-11	7.88E-11	8.26E-11	8.63E-11	9.05E-11	9.54E-11	1.01E-10	1.08E-10
rh103	103	45	58	1.76E-11	1.76E-11	1.76E-11	1.76E-11	1.76E-11	1.76E-11	1.76E-11	1.78E-11	1.83E-11	1.89E-11	1.97E-11	2.06E-11	2.13E-11	2.21E-11	2.28E-11	2.34E-11	2.40E-11	2.46E-11	2.52E-11	2.58E-11	2.63E-11	2.69E-11	2.76E-11	2.84E-11	2.92E-11	3.03E-11
pd104	104	46	58	7.62E-12	7.63E-12	7.63E-12	7.63E-12	7.63E-12	7.63E-12	7.73E-12	8.42E-12	9.86E-12	1.20E-11	1.47E-11	1.74E-11	2.00E-11	2.25E-11	2.48E-11	2.69E-11	2.89E-11	3.08E-11	3.29E-11	3.49E-11	3.69E-11	3.90E-11	4.13E-11	4.41E-11	4.70E-11	5.08E-11
pd105	105	46	59	1.53E-11	1.53E-11	1.53E-11	1.53E-11	1.53E-11	1.53E-11	1.53E-11	1.55E-11	1.58E-11	1.64E-11	1.70E-11	1.77E-11	1.83E-11	1.89E-11	1.94E-11	1.99E-11	2.04E-11	2.09E-11	2.13E-11	2.18E-11	2.23E-11	2.28E-11	2.33E-11	2.40E-11	2.47E-11	2.56E-11
pd106	106	46	60	1.87E-11	1.87E-11	1.87E-11	1.87E-11	1.87E-11	1.87E-11	1.88E-11	1.96E-11	2.11E-11	2.36E-11	2.65E-11	2.96E-11	3.25E-11	3.53E-11	3.79E-11	4.02E-11	4.25E-11	4.46E-11	4.69E-11	4.92E-11	5.15E-11	5.38E-11	5.65E-11	5.97E-11	6.30E-11	6.72E-11
pd107	107	46	61	0.00E+00	1.86E-25	1.86E-25	1.85E-25	1.83E-25	5.06E-23	2.29E-14	1.70E-13	4.76E-13	9.47E-13	1.52E-12	2.11E-12	2.68E-12	3.21E-12	3.70E-12	4.16E-12	4.59E-12	5.00E-12	5.43E-12	5.86E-12	6.30E-12	6.74E-12	7.24E-12	7.86E-12	8.49E-12	9.29E-12
pd108	108	46	62	1.81E-11	1.81E-11	1.81E-11	1.81E-11	1.81E-11	1.81E-11	1.82E-11	1.91E-11	2.10E-11	2.39E-11	2.75E-11	3.13E-11	3.48E-11	3.82E-11	4.14E-11	4.43E-11	4.71E-11	4.97E-11	5.25E-11	5.54E-11	5.82E-11	6.11E-11	6.44E-11	6.84E-11	7.25E-11	7.77E-11
ag107	107	47	60	1.26E-11	1.26E-11	1.26E-11	1.26E-11	1.26E-11	1.26E-11	1.26E-11	1.26E-11	1.26E-11	1.26E-11	1.26E-11	1.26E-11	1.25E-11	1.25E-11	1.25E-11	1.25E-11	1.25E-11	1.25E-11	1.25E-11	1.25E-11	1.25E-11	1.25E-11	1.25E-11	1.24E-11	1.24E-11	1.24E-11
ag108	108	47	61	0.00E+00	0.00E+00	0.00E+00	0.00E+00	0.00E+00	0.00E+00	0.00E+00	0.00E+00	0.00E+00	0.00E+00	0.00E+00	0.00E+00	0.00E+00	0.00E+00	0.00E+00	0.00E+00	0.00E+00	0.00E+00	0.00E+00	0.00E+00	0.00E+00	0.00E+00	0.00E+00	0.00E+00	0.00E+00	0.00E+00
ag109	109	47	62	1.17E-11	1.17E-11	1.17E-11	1.17E-11	1.17E-11	1.17E-11	1.17E-11	1.20E-11	1.24E-11	1.31E-11	1.40E-11	1.49E-11	1.58E-11	1.66E-11	1.73E-11	1.80E-11	1.87E-11	1.93E-11	2.00E-11	2.07E-11	2.13E-11	2.20E-11	2.28E-11	2.38E-11	2.48E-11	2.60E-11
cd108	108	48	60	6.99E-13	6.99E-13	6.99E-13	6.99E-13	6.99E-13	6.99E-13	7.00E-13	7.02E-13	7.05E-13	7.08E-13	7.11E-13	7.13E-13	7.15E-13	7.16E-13	7.17E-13	7.17E-13	7.17E-13	7.17E-13	7.16E-13	7.15E-13	7.15E-13	7.14E-13	7.12E-13	7.10E-13	7.09E-13	7.09E-13
cd109	109	48	61	0.00E+00	0.00E+00	0.00E+00	0.00E+00	0.00E+00	0.00E+00	0.00E+00	0.00E+00	0.00E+00	0.00E+00	0.00E+00	0.00E+00	0.00E+00	0.00E+00	0.00E+00	0.00E+00	0.00E+00	0.00E+00	0.00E+00	0.00E+00	0.00E+00	0.00E+00	0.00E+00	0.00E+00	0.00E+00	0.00E+00
cd110	110	48	62	9.82E-12	9.82E-12	9.82E-12	9.82E-12	9.82E-12	9.82E-12	9.92E-12	1.06E-11	1.22E-11	1.46E-11	1.76E-11	2.07E-11	2.37E-11	2.66E-11	2.92E-11	3.17E-11	3.40E-11	3.62E-11	3.86E-11	4.10E-11	4.34E-11	4.58E-11	4.86E-11	5.21E-11	5.55E-11	5.99E-11
cd111	111	48	63	1.01E-11	1.01E-11	1.01E-11	1.01E-11	1.01E-11	1.01E-11	1.01E-11	1.03E-11	1.08E-11	1.16E-11	1.26E-11	1.36E-11	1.45E-11	1.54E-11	1.63E-11	1.71E-11	1.78E-11	1.85E-11	1.93E-11	2.00E-11	2.08E-11	2.16E-11	2.24E-11	2.35E-11	2.46E-11	2.60E-11
cd112	112	48	64	1.90E-11	1.90E-11	1.90E-11	1.90E-11	1.90E-11	1.90E-11	1.91E-11	1.99E-11	2.17E-11	2.45E-11	2.81E-11	3.18E-11	3.54E-11	3.89E-11	4.21E-11	4.50E-11	4.78E-11	5.06E-11	5.34E-11	5.64E-11	5.93E-11	6.23E-11	6.57E-11	7.00E-11	7.43E-11	7.96E-11
cd113	113	48	65	9.60E-12	9.60E-12	9.60E-12	9.60E-12	9.60E-12	9.60E-12	9.64E-12	9.88E-12	1.04E-11	1.12E-11	1.22E-11	1.33E-11	1.43E-11	1.53E-11	1.62E-11	1.71E-11	1.79E-11	1.86E-11	1.94E-11	2.03E-11	2.11E-11	2.20E-11	2.29E-11	2.42E-11	2.54E-11	2.69E-11
cd114	114	48	66	2.26E-11	2.26E-11	2.26E-11	2.26E-11	2.26E-11	2.26E-11	2.27E-11	2.38E-11	2.63E-11	3.01E-11	3.49E-11	4.00E-11	4.48E-11	4.95E-11	5.39E-11	5.79E-11	6.18E-11	6.55E-11	6.94E-11	7.35E-11	7.76E-11	8.17E-11	8.65E-11	9.25E-11	9.84E-11	1.06E-10
in115	115	49	66	8.44E-12	8.44E-12	8.44E-12	8.44E-12	8.44E-12	8.44E-12	8.47E-12	8.68E-12	9.14E-12	9.86E-12	1.08E-11	1.17E-11	1.26E-11	1.35E-11	1.43E-11	1.50E-11	1.57E-11	1.64E-11	1.72E-11	1.79E-11	1.87E-11	1.94E-11	2.03E-11	2.14E-11	2.25E-11	2.39E-11
sn116	116	50	66	2.62E-11	2.62E-11	2.62E-11	2.62E-11	2.62E-11	2.62E-11	2.64E-11	2.78E-11	3.10E-11	3.60E-11	4.24E-11	4.91E-11	5.55E-11	6.16E-11	6.73E-11	7.25E-11	7.75E-11	8.24E-11	8.75E-11	9.28E-11	9.80E-11	1.03E-10	1.10E-10	1.18E-10	1.25E-10	1.35E-10
sn117	117	50	67	1.38E-11	1.38E-11	1.38E-11	1.38E-11	1.38E-11	1.38E-11	1.39E-11	1.43E-11	1.52E-11	1.67E-11	1.85E-11	2.04E-11	2.22E-11	2.40E-11	2.56E-11	2.70E-11	2.84E-11	2.98E-11	3.12E-11	3.27E-11	3.42E-11	3.57E-11	3.74E-11	3.96E-11	4.18E-11	4.45E-11
sn118	118	50	68	4.18E-11	4.18E-11	4.18E-11	4.18E-11	4.18E-11	4.18E-11	4.20E-11	4.37E-11	4.75E-11	5.38E-11	6.17E-11	7.02E-11	7.84E-11	8.62E-11	9.35E-11	1.00E-10	1.07E-10	1.13E-10	1.19E-10	1.26E-10	1.33E-10	1.40E-10	1.48E-10	1.58E-10	1.68E-10	1.81E-10
sn119	119	50	69	1.55E-11	1.55E-11	1.55E-11	1.55E-11	1.55E-11	1.55E-11	1.55E-11	1.60E-11	1.72E-11	1.90E-11	2.12E-11	2.36E-11	2.59E-11	2.81E-11	3.01E-11	3.20E-11	3.37E-11	3.54E-11	3.72E-11	3.91E-11	4.09E-11	4.29E-11	4.50E-11	4.79E-11	5.06E-11	5.40E-11
sn120	120	50	70	5.87E-11	5.87E-11	5.87E-11	5.87E-11	5.87E-11	5.87E-11	5.89E-11	6.12E-11	6.66E-11	7.57E-11	8.72E-11	9.95E-11	1.11E-10	1.22E-10	1.33E-10	1.42E-10	1.51E-10	1.60E-10	1.69E-10	1.78E-10	1.87E-10	1.97E-10	2.07E-10	2.21E-10	2.35E-10	2.52E-10
sb121	121	51	70	8.97E-12	8.97E-12	8.97E-12	8.97E-12	8.97E-12	8.97E-12	8.99E-12	9.16E-12	9.56E-12	1.02E-11	1.10E-11	1.19E-11	1.27E-11	1.35E-11	1.42E-11	1.48E-11	1.54E-11	1.60E-11	1.66E-11	1.73E-11	1.79E-11	1.86E-11	1.93E-11	2.03E-11	2.12E-11	2.24E-11
te122	122	52	70	5.91E-12	5.91E-12	5.91E-12	5.91E-12	5.91E-12	5.91E-12	5.95E-12	6.24E-12	6.96E-12	8.11E-12	9.56E-12	1.11E-11	1.25E-11	1.39E-11	1.51E-11	1.63E-11	1.73E-11	1.84E-11	1.94E-11	2.05E-11	2.16E-11	2.28E-11	2.41E-11	2.57E-11	2.74E-11	2.94E-11
te123	123	52	71	2.06E-12	2.06E-12	2.06E-12	2.06E-12	2.06E-12	2.06E-12	2.08E-12	2.18E-12	2.44E-12	2.87E-12	3.39E-12	3.95E-12	4.47E-12	4.97E-12	5.42E-12	5.83E-12	6.21E-12	6.58E-12	6.97E-12	7.37E-12	7.76E-12	8.17E-12	8.63E-12	9.23E-12	9.82E-12	1.05E-11
te124	124	52	72	1.10E-11	1.10E-11	1.10E-11	1.10E-11	1.10E-11	1.10E-11	1.10E-11	1.16E-11	1.29E-11	1.50E-11	1.77E-11	2.06E-11	2.34E-11	2.59E-11	2.83E-11	3.04E-11	3.24E-11	3.43E-11	3.63E-11	3.83E-11	4.03E-11	4.24E-11	4.48E-11	4.78E-11	5.08E-11	5.45E-11
te125	125	52	73	1.64E-11	1.64E-11	1.64E-11	1.64E-11	1.64E-11	1.64E-11	1.64E-11	1.66E-11	1.70E-11	1.77E-11	1.86E-11	1.96E-11	2.04E-11	2.13E-11	2.20E-11	2.27E-11	2.34E-11	2.40E-11	2.46E-11	2.53E-11	2.59E-11	2.66E-11	2.73E-11	2.83E-11	2.92E-11	3.04E-11
te126	126	52	74	4.37E-11	4.37E-11	4.37E-11	4.37E-11	4.37E-11	4.37E-11	4.38E-11	4.46E-11	4.68E-11	5.06E-11	5.54E-11	6.05E-11	6.54E-11	7.01E-11	7.43E-11	7.82E-11	8.18E-11	8.52E-11	8.87E-11	9.24E-11	9.60E-11	9.97E-11	1.04E-10	1.09E-10	1.15E-10	1.21E-10
i127	127	53	74	5.44E-11	5.44E-11	5.44E-11	5.44E-11	5.44E-11	5.44E-11	5.44E-11	5.45E-11	5.47E-11	5.52E-11	5.58E-11	5.64E-11	5.70E-11	5.75E-11	5.80E-11	5.84E-11	5.88E-11	5.91E-11	5.95E-11	5.99E-11	6.03E-11	6.07E-11	6.11E-11	6.17E-11	6.22E-11	6.29E-11
i128	128	53	75	0.00E+00	0.00E+00	0.00E+00	0.00E+00	0.00E+00	0.00E+00	0.00E+00	0.00E+00	0.00E+00	0.00E+00	0.00E+00	0.00E+00	0.00E+00	0.00E+00	0.00E+00	0.00E+00	0.00E+00	0.00E+00	0.00E+00	0.00E+00	0.00E+00	0.00E+00	0.00E+00	0.00E+00	0.00E+00	0.00E+00
i129	129	53	76	0.00E+00	0.00E+00	0.00E+00	0.00E+00	0.00E+00	4.55E-35	5.36E-19	1.33E-17	6.13E-17	2.24E-16	6.09E-16	1.23E-15	2.05E-15	3.03E-15	4.12E-15	5.28E-15	6.45E-15	7.68E-15	9.03E-15	1.05E-14	1.20E-14	1.36E-14	1.55E-14	1.79E-14	2.03E-14	2.21E-14
xe128	128	54	74	5.83E-12	5.83E-12	5.83E-12	5.83E-12	5.83E-12	5.83E-12	5.85E-12	6.14E-12	6.84E-12	8.02E-12	9.52E-12	1.11E-11	1.26E-11	1.41E-11	1.54E-11	1.66E-11	1.77E-11	1.87E-11	1.99E-11	2.10E-11	2.21E-11	2.32E-11	2.45E-11	2.62E-11	2.79E-11	2.99E-11
xe129	129	54	75	7.26E-11	7.26E-11	7.26E-11	7.26E-11	7.26E-11	7.26E-11	7.26E-11	7.27E-11	7.29E-11	7.33E-11	7.38E-11	7.44E-11	7.49E-11	7.53E-11	7.57E-11	7.61E-11	7.64E-11	7.67E-11	7.70E-11	7.73E-11	7.76E-11	7.79E-11	7.83E-11	7.87E-11	7.92E-11	7.97E-11
xe130	130	54	76	1.17E-11	1.17E-11	1.17E-11	1.17E-11	1.17E-11	1.17E-11	1.17E-11	1.22E-11	1.36E-11	1.60E-11	1.90E-11	2.23E-11	2.53E-11	2.82E-11	3.08E-11	3.32E-11	3.53E-11	3.74E-11	3.96E-11	4.18E-11	4.39E-11	4.62E-11	4.87E-11	5.19E-11	5.51E-11	5.90E-11
xe131	131	54	77	5.78E-11	5.78E-11	5.78E-11	5.78E-11	5.78E-11	5.78E-11	5.78E-11	5.80E-11	5.84E-11	5.93E-11	6.04E-11	6.15E-11	6.26E-11	6.37E-11	6.46E-11	6.54E-11	6.62E-11	6.69E-11	6.76E-11	6.83E-11	6.91E-11	6.98E-11	7.07E-11	7.18E-11	7.28E-11	7.42E-11
xe132	132	54	78	7.06E-11	7.06E-11	7.06E-11	7.06E-11	7.06E-11	7.06E-11	7.07E-11	7.16E-11	7.40E-11	7.81E-11	8.36E-11	8.94E-11	9.50E-11	1.00E-10	1.05E-10	1.10E-10	1.14E-10	1.17E-10	1.21E-10	1.26E-10	1.30E-10	1.34E-10	1.39E-10	1.45E-10	1.50E-10	1.58E-10
xe133	133	54	79	0.00E+00	0.00E+00	0.00E+00	0.00E+00	0.00E+00	0.00E+00	0.00E+00	0.00E+00	0.00E+00	0.00E+00	0.00E+00	0.00E+00	0.00E+00	0.00E+00	0.00E+00	0.00E+00	0.00E+00	0.00E+00	0.00E+00	0.00E+00	0.00E+00	0.00E+00	0.00E+00	0.00E+00	0.00E+00	0.00E+00
xe134	134	54	80	2.61E-11	2.61E-11	2.61E-11	2.61E-11	2.61E-11	2.61E-11	2.61E-11	2.61E-11	2.61E-11	2.61E-11	2.61E-11	2.61E-11	2.62E-11	2.63E-11	2.64E-11	2.66E-11	2.68E-11	2.71E-11	2.75E-11	2.80E-11	2.86E-11	2.92E-11	3.01E-11	3.16E-11	3.28E-11	3.34E-11
cs133	133	55	78	1.84E-11	1.84E-11	1.84E-11	1.84E-11	1.84E-11	1.84E-11	1.84E-11	1.85E-11	1.88E-11	1.94E-11	2.01E-11	2.08E-11	2.15E-11	2.22E-11	2.29E-11	2.34E-11	2.40E-11	2.45E-11	2.50E-11	2.55E-11	2.61E-11	2.66E-11	2.72E-11	2.80E-11	2.88E-11	2.97E-11
cs134	134	55	79	0.00E+00	0.00E+00	0.00E+00	0.00E+00	0.00E+00	0.00E+00	0.00E+00	0.00E+00	0.00E+00	0.00E+00	0.00E+00	0.00E+00	0.00E+00	0.00E+00	0.00E+00	0.00E+00	0.00E+00	0.00E+00	0.00E+00	0.00E+00	0.00E+00	0.00E+00	0.00E+00	0.00E+00	0.00E+00	0.00E+00
cs135	135	55	80	0.00E+00	1.73E-26	1.72E-26	1.71E-26	1.69E-26	4.90E-24	1.20E-15	1.96E-14	1.15E-13	4.19E-13	1.05E-12	1.93E-12	2.97E-12	4.03E-12	5.13E-12	6.19E-12	7.23E-12	8.27E-12	9.39E-12	1.06E-11	1.17E-11	1.30E-11	1.44E-11	1.64E-11	1.82E-11	2.00E-11
cs136	136	55	81	0.00E+00	0.00E+00	0.00E+00	0.00E+00	0.00E+00	0.00E+00	0.00E+00	0.00E+00	0.00E+00	0.00E+00	0.00E+00	0.00E+00	0.00E+00	0.00E+00	0.00E+00	0.00E+00	0.00E+00	0.00E+00	0.00E+00	0.00E+00	0.00E+00	0.00E+00	0.00E+00	0.00E+00	0.00E+00	0.00E+00
cs137	137	55	82	0.00E+00	0.00E+00	0.00E+00	0.00E+00	0.00E+00	0.00E+00	0.00E+00	0.00E+00	0.00E+00	0.00E+00	0.00E+00	0.00E+00	0.00E+00	0.00E+00	0.00E+00	0.00E+00	0.00E+00	0.00E+00	0.00E+00	0.00E+00	0.00E+00	0.00E+00	0.00E+00	0.00E+00	0.00E+00	0.00E+00
ba134	134	56	78	5.61E-12	5.61E-12	5.61E-12	5.61E-12	5.61E-12	5.61E-12	5.63E-12	5.97E-12	6.85E-12	8.24E-12	9.86E-12	1.14E-11	1.27E-11	1.39E-11	1.49E-11	1.57E-11	1.65E-11	1.71E-11	1.78E-11	1.85E-11	1.92E-11	1.98E-11	2.06E-11	2.15E-11	2.25E-11	2.38E-11
ba135	135	56	79	1.53E-11	1.53E-11	1.53E-11	1.53E-11	1.53E-11	1.53E-11	1.53E-11	1.54E-11	1.57E-11	1.62E-11	1.68E-11	1.73E-11	1.77E-11	1.80E-11	1.83E-11	1.85E-11	1.87E-11	1.89E-11	1.91E-11	1.92E-11	1.94E-11	1.96E-11	1.98E-11	2.00E-11	2.02E-11	2.06E-11
ba136	136	56	80	1.82E-11	1.82E-11	1.82E-11	1.82E-11	1.82E-11	1.82E-11	1.83E-11	1.90E-11	2.11E-11	2.49E-11	3.00E-11	3.55E-11	4.07E-11	4.57E-11	5.01E-11	5.40E-11	5.76E-11	6.09E-11	6.43E-11	6.77E-11	7.10E-11	7.44E-11	7.81E-11	8.27E-11	8.74E-11	9.36E-11
ba137	137	56	81	2.60E-11	2.61E-11	2.61E-11	2.61E-11	2.61E-11	2.61E-11	2.61E-11	2.66E-11	2.82E-11	3.11E-11	3.49E-11	3.91E-11	4.31E-11	4.68E-11	5.03E-11	5.34E-11	5.64E-11	5.92E-11	6.22E-11	6.53E-11	6.84E-11	7.16E-11	7.53E-11	8.02E-11	8.49E-11	8.99E-11
ba138	138	56	82	1.66E-10	1.66E-10	1.66E-10	1.66E-10	1.66E-10	1.66E-10	1.66E-10	1.70E-10	1.83E-10	2.07E-10	2.39E-10	2.74E-10	3.07E-10	3.38E-10	3.65E-10	3.90E-10	4.12E-10	4.33E-10	4.54E-10	4.76E-10	4.98E-10	5.20E-10	5.46E-10	5.78E-10	6.09E-10	6.46E-10
la139	139	57	82	2.26E-11	2.26E-11	2.26E-11	2.26E-11	2.26E-11	2.26E-11	2.27E-11	2.31E-11	2.44E-11	2.70E-11	3.04E-11	3.42E-11	3.77E-11	4.10E-11	4.39E-11	4.65E-11	4.88E-11	5.10E-11	5.32E-11	5.55E-11	5.78E-11	6.01E-11	6.28E-11	6.62E-11	6.95E-11	7.33E-11
ce140	140	58	82	5.15E-11	5.15E-11	5.15E-11	5.15E-11	5.15E-11	5.15E-11	5.15E-11	5.24E-11	5.54E-11	6.12E-11	6.90E-11	7.76E-11	8.57E-11	9.32E-11	9.97E-11	1.05E-10	1.10E-10	1.15E-10	1.20E-10	1.25E-10	1.30E-10	1.34E-10	1.40E-10	1.47E-10	1.54E-10	1.62E-10
ce141	141	58	83	0.00E+00	0.00E+00	0.00E+00	0.00E+00	0.00E+00	0.00E+00	0.00E+00	0.00E+00	0.00E+00	0.00E+00	0.00E+00	0.00E+00	0.00E+00	0.00E+00	0.00E+00	0.00E+00	0.00E+00	0.00E+00	0.00E+00	0.00E+00	0.00E+00	0.00E+00	0.00E+00	0.00E+00	0.00E+00	0.00E+00
ce142	142	58	84	6.47E-12	6.48E-12	6.48E-12	6.48E-12	6.48E-12	6.48E-12	6.48E-12	6.48E-12	6.48E-12	6.48E-12	6.49E-12	6.51E-12	6.56E-12	6.61E-12	6.69E-12	6.78E-12	6.88E-12	7.01E-12	7.16E-12	7.34E-12	7.54E-12	7.76E-12	8.04E-12	8.49E-12	8.87E-12	9.09E-12
pr141	141	59	82	8.82E-12	8.82E-12	8.82E-12	8.82E-12	8.82E-12	8.82E-12	8.82E-12	8.89E-12	9.12E-12	9.58E-12	1.02E-11	1.10E-11	1.17E-11	1.23E-11	1.29E-11	1.34E-11	1.39E-11	1.43E-11	1.48E-11	1.53E-11	1.57E-11	1.62E-11	1.68E-11	1.75E-11	1.82E-11	1.89E-11
nd142	142	60	82	1.17E-11	1.17E-11	1.17E-11	1.17E-11	1.17E-11	1.17E-11	1.17E-11	1.19E-11	1.26E-11	1.40E-11	1.59E-11	1.80E-11	2.00E-11	2.18E-11	2.34E-11	2.47E-11	2.58E-11	2.68E-11	2.79E-11	2.89E-11	2.99E-11	3.09E-11	3.20E-11	3.34E-11	3.48E-11	3.66E-11
nd143	143	60	83	5.13E-12	5.13E-12	5.13E-12	5.13E-12	5.13E-12	5.13E-12	5.13E-12	5.16E-12	5.25E-12	5.43E-12	5.68E-12	5.96E-12	6.23E-12	6.48E-12	6.69E-12	6.88E-12	7.04E-12	7.19E-12	7.34E-12	7.49E-12	7.64E-12	7.79E-12	7.97E-12	8.19E-12	8.41E-12	8.67E-12
nd144	144	60	84	1.02E-11	1.02E-11	1.02E-11	1.02E-11	1.02E-11	1.02E-11	1.02E-11	1.03E-11	1.06E-11	1.12E-11	1.19E-11	1.28E-11	1.36E-11	1.43E-11	1.50E-11	1.55E-11	1.60E-11	1.64E-11	1.69E-11	1.73E-11	1.78E-11	1.83E-11	1.88E-11	1.94E-11	2.01E-11	2.08E-11
nd145	145	60	85	3.78E-12	3.78E-12	3.78E-12	3.78E-12	3.78E-12	3.78E-12	3.78E-12	3.80E-12	3.85E-12	3.95E-12	4.09E-12	4.24E-12	4.39E-12	4.52E-12	4.64E-12	4.74E-12	4.83E-12	4.90E-12	4.99E-12	5.07E-12	5.15E-12	5.23E-12	5.32E-12	5.44E-12	5.56E-12	5.70E-12
nd146	146	60	86	7.40E-12	7.40E-12	7.40E-12	7.40E-12	7.40E-12	7.40E-12	7.40E-12	7.48E-12	7.74E-12	8.25E-12	8.95E-12	9.71E-12	1.04E-11	1.11E-11	1.16E-11	1.21E-11	1.25E-11	1.29E-11	1.33E-11	1.37E-11	1.41E-11	1.45E-11	1.49E-11	1.55E-11	1.61E-11	1.67E-11
nd147	147	60	87	0.00E+00	0.00E+00	0.00E+00	0.00E+00	0.00E+00	0.00E+00	0.00E+00	0.00E+00	0.00E+00	0.00E+00	0.00E+00	0.00E+00	0.00E+00	0.00E+00	0.00E+00	0.00E+00	0.00E+00	0.00E+00	0.00E+00	0.00E+00	0.00E+00	0.00E+00	0.00E+00	0.00E+00	0.00E+00	0.00E+00
nd148	148	60	88	2.47E-12	2.47E-12	2.47E-12	2.47E-12	2.47E-12	2.47E-12	2.47E-12	2.47E-12	2.47E-12	2.47E-12	2.49E-12	2.51E-12	2.55E-12	2.60E-12	2.65E-12	2.71E-12	2.76E-12	2.82E-12	2.88E-12	2.95E-12	3.02E-12	3.10E-12	3.18E-12	3.30E-12	3.41E-12	3.48E-12
pm147	147	61	86	0.00E+00	0.00E+00	0.00E+00	0.00E+00	0.00E+00	0.00E+00	0.00E+00	0.00E+00	0.00E+00	0.00E+00	0.00E+00	0.00E+00	0.00E+00	0.00E+00	0.00E+00	0.00E+00	0.00E+00	0.00E+00	0.00E+00	0.00E+00	0.00E+00	0.00E+00	0.00E+00	0.00E+00	0.00E+00	0.00E+00
pm148	148	61	87	0.00E+00	0.00E+00	0.00E+00	0.00E+00	0.00E+00	0.00E+00	0.00E+00	0.00E+00	0.00E+00	0.00E+00	0.00E+00	0.00E+00	0.00E+00	0.00E+00	0.00E+00	0.00E+00	0.00E+00	0.00E+00	0.00E+00	0.00E+00	0.00E+00	0.00E+00	0.00E+00	0.00E+00	0.00E+00	0.00E+00
sm147	147	62	85	2.06E-12	2.06E-12	2.06E-12	2.06E-12	2.06E-12	2.06E-12	2.06E-12	2.07E-12	2.10E-12	2.15E-12	2.23E-12	2.32E-12	2.40E-12	2.47E-12	2.54E-12	2.60E-12	2.64E-12	2.69E-12	2.73E-12	2.78E-12	2.82E-12	2.87E-12	2.92E-12	2.98E-12	3.05E-12	3.12E-12
sm148	148	62	86	1.50E-12	1.50E-12	1.50E-12	1.50E-12	1.50E-12	1.50E-12	1.50E-12	1.53E-12	1.62E-12	1.79E-12	2.01E-12	2.24E-12	2.44E-12	2.61E-12	2.75E-12	2.86E-12	2.96E-12	3.04E-12	3.13E-12	3.21E-12	3.29E-12	3.38E-12	3.47E-12	3.59E-12	3.70E-12	3.85E-12
sm149	149	62	87	1.84E-12	1.84E-12	1.84E-12	1.84E-12	1.84E-12	1.84E-12	1.84E-12	1.85E-12	1.86E-12	1.88E-12	1.91E-12	1.94E-12	1.97E-12	1.99E-12	2.01E-12	2.03E-12	2.05E-12	2.06E-12	2.07E-12	2.09E-12	2.10E-12	2.12E-12	2.13E-12	2.16E-12	2.18E-12	2.20E-12
sm150	150	62	88	9.85E-13	9.85E-13	9.85E-13	9.85E-13	9.85E-13	9.85E-13	9.85E-13	1.00E-12	1.05E-12	1.15E-12	1.30E-12	1.45E-12	1.60E-12	1.73E-12	1.84E-12	1.94E-12	2.03E-12	2.10E-12	2.18E-12	2.26E-12	2.35E-12	2.43E-12	2.53E-12	2.65E-12	2.77E-12	2.90E-12
sm151	151	62	89	0.00E+00	0.00E+00	0.00E+00	0.00E+00	0.00E+00	0.00E+00	0.00E+00	0.00E+00	0.00E+00	0.00E+00	0.00E+00	0.00E+00	0.00E+00	0.00E+00	0.00E+00	0.00E+00	0.00E+00	0.00E+00	2.61E-38	2.35E-38	2.08E-38	1.54E-38	0.00E+00	0.00E+00	0.00E+00	0.00E+00
sm152	152	62	90	3.57E-12	3.57E-12	3.57E-12	3.57E-12	3.57E-12	3.57E-12	3.57E-12	3.58E-12	3.62E-12	3.70E-12	3.81E-12	3.94E-12	4.07E-12	4.18E-12	4.28E-12	4.36E-12	4.43E-12	4.50E-12	4.56E-12	4.63E-12	4.70E-12	4.77E-12	4.85E-12	4.95E-12	5.05E-12	5.16E-12
eu151	151	63	88	2.37E-12	2.37E-12	2.37E-12	2.37E-12	2.37E-12	2.37E-12	2.37E-12	2.37E-12	2.38E-12	2.39E-12	2.41E-12	2.43E-12	2.45E-12	2.47E-12	2.48E-12	2.49E-12	2.50E-12	2.51E-12	2.52E-12	2.52E-12	2.53E-12	2.54E-12	2.55E-12	2.56E-12	2.58E-12	2.59E-12
eu152	152	63	89	0.00E+00	0.00E+00	0.00E+00	0.00E+00	0.00E+00	0.00E+00	0.00E+00	0.00E+00	0.00E+00	1.19E-38	0.00E+00	2.08E-38	0.00E+00	0.00E+00	2.00E-38	1.70E-38	0.00E+00	0.00E+00	4.28E-38	3.76E-38	3.18E-38	2.23E-38	0.00E+00	0.00E+00	0.00E+00	0.00E+00
eu153	153	63	90	2.59E-12	2.59E-12	2.59E-12	2.59E-12	2.59E-12	2.59E-12	2.59E-12	2.59E-12	2.60E-12	2.61E-12	2.63E-12	2.65E-12	2.67E-12	2.69E-12	2.71E-12	2.72E-12	2.73E-12	2.74E-12	2.75E-12	2.76E-12	2.77E-12	2.78E-12	2.79E-12	2.80E-12	2.82E-12	2.83E-12
eu154	154	63	91	0.00E+00	0.00E+00	0.00E+00	0.00E+00	0.00E+00	0.00E+00	0.00E+00	0.00E+00	0.00E+00	0.00E+00	0.00E+00	0.00E+00	0.00E+00	0.00E+00	0.00E+00	0.00E+00	0.00E+00	0.00E+00	1.76E-38	1.55E-38	1.31E-38	0.00E+00	0.00E+00	0.00E+00	0.00E+00	0.00E+00
eu155	155	63	92	0.00E+00	0.00E+00	0.00E+00	0.00E+00	0.00E+00	0.00E+00	0.00E+00	0.00E+00	0.00E+00	0.00E+00	0.00E+00	0.00E+00	0.00E+00	0.00E+00	0.00E+00	0.00E+00	0.00E+00	0.00E+00	0.00E+00	0.00E+00	0.00E+00	0.00E+00	0.00E+00	0.00E+00	0.00E+00	0.00E+00
gd152	152	64	88	3.44E-14	3.44E-14	3.44E-14	3.44E-14	3.44E-14	3.44E-14	3.44E-14	3.45E-14	3.47E-14	3.49E-14	3.49E-14	3.49E-14	3.49E-14	3.49E-14	3.49E-14	3.49E-14	3.49E-14	3.48E-14	3.48E-14	3.48E-14	3.47E-14	3.47E-14	3.46E-14	3.46E-14	3.45E-14	3.45E-14
gd153	153	64	89	0.00E+00	0.00E+00	0.00E+00	0.00E+00	0.00E+00	0.00E+00	0.00E+00	0.00E+00	0.00E+00	0.00E+00	0.00E+00	0.00E+00	0.00E+00	0.00E+00	0.00E+00	0.00E+00	0.00E+00	0.00E+00	0.00E+00	0.00E+00	0.00E+00	0.00E+00	0.00E+00	0.00E+00	0.00E+00	0.00E+00
gd154	154	64	90	3.75E-13	3.75E-13	3.75E-13	3.75E-13	3.75E-13	3.75E-13	3.75E-13	3.81E-13	4.00E-13	4.35E-13	4.86E-13	5.44E-13	6.01E-13	6.53E-13	6.98E-13	7.37E-13	7.70E-13	8.00E-13	8.31E-13	8.62E-13	8.93E-13	9.26E-13	9.63E-13	1.01E-12	1.06E-12	1.11E-12
gd155	155	64	91	2.54E-12	2.54E-12	2.54E-12	2.54E-12	2.54E-12	2.54E-12	2.54E-12	2.55E-12	2.55E-12	2.56E-12	2.58E-12	2.60E-12	2.62E-12	2.64E-12	2.65E-12	2.66E-12	2.67E-12	2.68E-12	2.69E-12	2.70E-12	2.71E-12	2.72E-12	2.73E-12	2.74E-12	2.75E-12	2.77E-12
gd156	156	64	92	3.52E-12	3.52E-12	3.52E-12	3.52E-12	3.52E-12	3.52E-12	3.52E-12	3.53E-12	3.56E-12	3.62E-12	3.70E-12	3.78E-12	3.87E-12	3.94E-12	4.01E-12	4.07E-12	4.12E-12	4.16E-12	4.20E-12	4.25E-12	4.29E-12	4.34E-12	4.39E-12	4.46E-12	4.52E-12	4.60E-12
gd157	157	64	93	2.69E-12	2.69E-12	2.69E-12	2.69E-12	2.69E-12	2.69E-12	2.69E-12	2.69E-12	2.71E-12	2.74E-12	2.77E-12	2.81E-12	2.85E-12	2.89E-12	2.92E-12	2.94E-12	2.96E-12	2.98E-12	3.00E-12	3.02E-12	3.04E-12	3.06E-12	3.08E-12	3.11E-12	3.14E-12	3.17E-12
gd158	158	64	94	4.27E-12	4.27E-12	4.27E-12	4.27E-12	4.27E-12	4.27E-12	4.27E-12	4.29E-12	4.35E-12	4.47E-12	4.63E-12	4.80E-12	4.96E-12	5.11E-12	5.24E-12	5.35E-12	5.44E-12	5.52E-12	5.61E-12	5.69E-12	5.78E-12	5.86E-12	5.96E-12	6.09E-12	6.21E-12	6.36E-12
gd159	159	64	95	0.00E+00	0.00E+00	0.00E+00	0.00E+00	0.00E+00	0.00E+00	0.00E+00	0.00E+00	0.00E+00	0.00E+00	0.00E+00	0.00E+00	0.00E+00	0.00E+00	0.00E+00	0.00E+00	0.00E+00	0.00E+00	0.00E+00	0.00E+00	0.00E+00	0.00E+00	0.00E+00	0.00E+00	0.00E+00	0.00E+00
gd160	160	64	96	3.76E-12	3.76E-12	3.76E-12	3.76E-12	3.76E-12	3.76E-12	3.76E-12	3.76E-12	3.76E-12	3.76E-12	3.75E-12	3.75E-12	3.75E-12	3.75E-12	3.75E-12	3.76E-12	3.76E-12	3.76E-12	3.76E-12	3.76E-12	3.77E-12	3.77E-12	3.77E-12	3.78E-12	3.79E-12	3.78E-12
tb159	159	65	94	3.20E-12	3.20E-12	3.20E-12	3.20E-12	3.20E-12	3.20E-12	3.20E-12	3.20E-12	3.22E-12	3.24E-12	3.27E-12	3.31E-12	3.34E-12	3.37E-12	3.39E-12	3.41E-12	3.43E-12	3.44E-12	3.46E-12	3.47E-12	3.49E-12	3.50E-12	3.52E-12	3.54E-12	3.56E-12	3.58E-12
tb160	160	65	95	0.00E+00	0.00E+00	0.00E+00	0.00E+00	0.00E+00	0.00E+00	0.00E+00	0.00E+00	0.00E+00	0.00E+00	0.00E+00	0.00E+00	0.00E+00	0.00E+00	0.00E+00	0.00E+00	0.00E+00	0.00E+00	0.00E+00	0.00E+00	0.00E+00	0.00E+00	0.00E+00	0.00E+00	0.00E+00	0.00E+00
tb161	161	65	96	0.00E+00	0.00E+00	0.00E+00	0.00E+00	0.00E+00	0.00E+00	0.00E+00	0.00E+00	0.00E+00	0.00E+00	0.00E+00	0.00E+00	0.00E+00	0.00E+00	0.00E+00	0.00E+00	0.00E+00	0.00E+00	0.00E+00	0.00E+00	0.00E+00	0.00E+00	0.00E+00	0.00E+00	0.00E+00	0.00E+00
dy160	160	66	94	4.81E-13	4.81E-13	4.81E-13	4.81E-13	4.81E-13	4.81E-13	4.82E-13	4.89E-13	5.12E-13	5.56E-13	6.15E-13	6.80E-13	7.40E-13	7.96E-13	8.42E-13	8.82E-13	9.17E-13	9.47E-13	9.78E-13	1.01E-12	1.04E-12	1.07E-12	1.11E-12	1.15E-12	1.20E-12	1.25E-12
dy161	161	66	95	3.90E-12	3.90E-12	3.90E-12	3.90E-12	3.90E-12	3.90E-12	3.90E-12	3.91E-12	3.92E-12	3.93E-12	3.96E-12	3.98E-12	4.01E-12	4.03E-12	4.04E-12	4.06E-12	4.07E-12	4.08E-12	4.08E-12	4.09E-12	4.10E-12	4.11E-12	4.12E-12	4.13E-12	4.14E-12	4.16E-12
dy162	162	66	96	5.27E-12	5.27E-12	5.27E-12	5.27E-12	5.27E-12	5.27E-12	5.27E-12	5.28E-12	5.32E-12	5.41E-12	5.52E-12	5.65E-12	5.76E-12	5.87E-12	5.96E-12	6.04E-12	6.10E-12	6.16E-12	6.21E-12	6.27E-12	6.33E-12	6.39E-12	6.45E-12	6.54E-12	6.62E-12	6.72E-12
dy163	163	66	97	5.15E-12	5.15E-12	5.15E-12	5.15E-12	5.15E-12	5.15E-12	5.15E-12	5.15E-12	5.17E-12	5.20E-12	5.25E-12	5.30E-12	5.35E-12	5.39E-12	5.42E-12	5.45E-12	5.47E-12	5.49E-12	5.51E-12	5.53E-12	5.55E-12	5.57E-12	5.59E-12	5.62E-12	5.65E-12	5.69E-12
dy164	164	66	98	5.84E-12	5.84E-12	5.84E-12	5.84E-12	5.84E-12	5.84E-12	5.84E-12	5.87E-12	5.96E-12	6.13E-12	6.36E-12	6.63E-12	6.87E-12	7.10E-12	7.29E-12	7.46E-12	7.60E-12	7.73E-12	7.85E-12	7.98E-12	8.11E-12	8.24E-12	8.38E-12	8.57E-12	8.75E-12	8.97E-12
ho165	165	67	98	4.52E-12	4.52E-12	4.52E-12	4.52E-12	4.52E-12	4.52E-12	4.52E-12	4.53E-12	4.54E-12	4.57E-12	4.61E-12	4.65E-12	4.70E-12	4.73E-12	4.77E-12	4.79E-12	4.81E-12	4.83E-12	4.85E-12	4.87E-12	4.88E-12	4.90E-12	4.92E-12	4.95E-12	4.97E-12	5.00E-12
er166	166	68	98	4.27E-12	4.27E-12	4.27E-12	4.27E-12	4.27E-12	4.27E-12	4.27E-12	4.28E-12	4.32E-12	4.38E-12	4.48E-12	4.59E-12	4.69E-12	4.78E-12	4.86E-12	4.92E-12	4.98E-12	5.03E-12	5.08E-12	5.13E-12	5.18E-12	5.23E-12	5.29E-12	5.36E-12	5.43E-12	5.51E-12
er167	167	68	99	2.91E-12	2.92E-12	2.92E-12	2.92E-12	2.92E-12	2.92E-12	2.91E-12	2.92E-12	2.93E-12	2.96E-12	3.00E-12	3.04E-12	3.08E-12	3.11E-12	3.14E-12	3.17E-12	3.19E-12	3.21E-12	3.23E-12	3.24E-12	3.26E-12	3.28E-12	3.30E-12	3.33E-12	3.35E-12	3.38E-12
er168	168	68	100	3.44E-12	3.44E-12	3.44E-12	3.44E-12	3.44E-12	3.44E-12	3.44E-12	3.46E-12	3.51E-12	3.62E-12	3.77E-12	3.93E-12	4.09E-12	4.23E-12	4.35E-12	4.46E-12	4.55E-12	4.63E-12	4.72E-12	4.80E-12	4.88E-12	4.96E-12	5.05E-12	5.17E-12	5.28E-12	5.42E-12
er169	169	68	101	0.00E+00	0.00E+00	0.00E+00	0.00E+00	0.00E+00	0.00E+00	0.00E+00	0.00E+00	0.00E+00	0.00E+00	0.00E+00	0.00E+00	0.00E+00	0.00E+00	0.00E+00	0.00E+00	0.00E+00	0.00E+00	0.00E+00	0.00E+00	0.00E+00	0.00E+00	0.00E+00	0.00E+00	0.00E+00	0.00E+00
er170	170	68	102	1.90E-12	1.90E-12	1.90E-12	1.90E-12	1.90E-12	1.90E-12	1.90E-12	1.90E-12	1.90E-12	1.90E-12	1.91E-12	1.93E-12	1.96E-12	1.99E-12	2.03E-12	2.07E-12	2.11E-12	2.14E-12	2.18E-12	2.22E-12	2.26E-12	2.31E-12	2.36E-12	2.42E-12	2.48E-12	2.53E-12
tm169	169	69	100	2.02E-12	2.02E-12	2.02E-12	2.02E-12	2.02E-12	2.02E-12	2.02E-12	2.02E-12	2.04E-12	2.06E-12	2.10E-12	2.14E-12	2.17E-12	2.21E-12	2.24E-12	2.26E-12	2.28E-12	2.30E-12	2.32E-12	2.34E-12	2.35E-12	2.37E-12	2.39E-12	2.42E-12	2.44E-12	2.48E-12
tm170	170	69	101	0.00E+00	0.00E+00	0.00E+00	0.00E+00	0.00E+00	0.00E+00	0.00E+00	0.00E+00	0.00E+00	0.00E+00	0.00E+00	0.00E+00	0.00E+00	0.00E+00	0.00E+00	0.00E+00	0.00E+00	0.00E+00	0.00E+00	0.00E+00	0.00E+00	0.00E+00	0.00E+00	0.00E+00	0.00E+00	0.00E+00
tm171	171	69	102	0.00E+00	0.00E+00	0.00E+00	0.00E+00	0.00E+00	0.00E+00	0.00E+00	0.00E+00	0.00E+00	0.00E+00	0.00E+00	0.00E+00	0.00E+00	0.00E+00	0.00E+00	0.00E+00	0.00E+00	0.00E+00	0.00E+00	0.00E+00	0.00E+00	0.00E+00	0.00E+00	0.00E+00	0.00E+00	0.00E+00
yb170	170	70	100	3.80E-13	3.80E-13	3.80E-13	3.80E-13	3.80E-13	3.80E-13	3.80E-13	3.87E-13	4.08E-13	4.45E-13	4.94E-13	5.48E-13	5.99E-13	6.46E-13	6.86E-13	7.21E-13	7.51E-13	7.78E-13	8.05E-13	8.32E-13	8.58E-13	8.86E-13	9.16E-13	9.54E-13	9.91E-13	1.04E-12
yb171	171	70	101	1.80E-12	1.80E-12	1.80E-12	1.80E-12	1.80E-12	1.80E-12	1.80E-12	1.80E-12	1.82E-12	1.85E-12	1.91E-12	1.97E-12	2.03E-12	2.09E-12	2.15E-12	2.20E-12	2.24E-12	2.28E-12	2.32E-12	2.36E-12	2.41E-12	2.45E-12	2.50E-12	2.56E-12	2.62E-12	2.69E-12
yb172	172	70	102	2.76E-12	2.76E-12	2.76E-12	2.76E-12	2.76E-12	2.76E-12	2.77E-12	2.78E-12	2.84E-12	2.95E-12	3.09E-12	3.26E-12	3.42E-12	3.57E-12	3.71E-12	3.83E-12	3.94E-12	4.04E-12	4.14E-12	4.25E-12	4.35E-12	4.46E-12	4.59E-12	4.74E-12	4.89E-12	5.05E-12
yb173	173	70	103	2.05E-12	2.05E-12	2.05E-12	2.05E-12	2.05E-12	2.05E-12	2.05E-12	2.06E-12	2.08E-12	2.13E-12	2.20E-12	2.27E-12	2.34E-12	2.41E-12	2.46E-12	2.52E-12	2.56E-12	2.60E-12	2.65E-12	2.69E-12	2.74E-12	2.79E-12	2.84E-12	2.91E-12	2.97E-12	3.04E-12
yb174	174	70	104	4.08E-12	4.08E-12	4.08E-12	4.08E-12	4.08E-12	4.08E-12	4.08E-12	4.11E-12	4.23E-12	4.46E-12	4.77E-12	5.13E-12	5.46E-12	5.75E-12	6.01E-12	6.23E-12	6.42E-12	6.59E-12	6.77E-12	6.95E-12	7.14E-12	7.33E-12	7.54E-12	7.83E-12	8.10E-12	8.40E-12
lu175	175	71	104	1.83E-12	1.83E-12	1.83E-12	1.83E-12	1.83E-12	1.83E-12	1.83E-12	1.84E-12	1.85E-12	1.88E-12	1.92E-12	1.96E-12	2.01E-12	2.04E-12	2.07E-12	2.10E-12	2.12E-12	2.14E-12	2.16E-12	2.19E-12	2.21E-12	2.23E-12	2.25E-12	2.29E-12	2.32E-12	2.35E-12
lu176	176	71	105	5.77E-14	5.75E-14	5.75E-14	5.75E-14	5.75E-14	5.75E-14	5.76E-14	6.07E-14	7.17E-14	9.40E-14	1.25E-13	1.60E-13	1.93E-13	2.23E-13	2.48E-13	2.70E-13	2.88E-13	3.05E-13	3.23E-13	3.41E-13	3.59E-13	3.77E-13	3.98E-13	4.26E-13	4.53E-13	4.83E-13
lu177	177	71	106	0.00E+00	0.00E+00	0.00E+00	0.00E+00	0.00E+00	0.00E+00	0.00E+00	0.00E+00	0.00E+00	0.00E+00	0.00E+00	0.00E+00	0.00E+00	0.00E+00	0.00E+00	0.00E+00	0.00E+00	0.00E+00	0.00E+00	0.00E+00	0.00E+00	0.00E+00	0.00E+00	0.00E+00	0.00E+00	0.00E+00
hf176	176	72	104	4.05E-13	4.05E-13	4.05E-13	4.05E-13	4.05E-13	4.05E-13	4.05E-13	4.05E-13	4.04E-13	4.04E-13	4.04E-13	4.03E-13	4.03E-13	4.02E-13	4.02E-13	4.01E-13	4.00E-13	4.00E-13	3.99E-13	3.98E-13	3.98E-13	3.97E-13	3.96E-13	3.95E-13	3.94E-13	3.93E-13
hf177	177	72	105	1.46E-12	1.46E-12	1.46E-12	1.46E-12	1.46E-12	1.46E-12	1.46E-12	1.47E-12	1.48E-12	1.50E-12	1.53E-12	1.57E-12	1.60E-12	1.63E-12	1.66E-12	1.68E-12	1.70E-12	1.71E-12	1.73E-12	1.74E-12	1.76E-12	1.78E-12	1.80E-12	1.82E-12	1.85E-12	1.88E-12
hf178	178	72	106	2.15E-12	2.15E-12	2.15E-12	2.15E-12	2.15E-12	2.15E-12	2.15E-12	2.16E-12	2.21E-12	2.32E-12	2.47E-12	2.64E-12	2.80E-12	2.95E-12	3.08E-12	3.18E-12	3.28E-12	3.36E-12	3.44E-12	3.52E-12	3.60E-12	3.69E-12	3.78E-12	3.91E-12	4.03E-12	4.18E-12
hf179	179	72	107	1.07E-12	1.07E-12	1.07E-12	1.07E-12	1.07E-12	1.07E-12	1.07E-12	1.08E-12	1.09E-12	1.13E-12	1.18E-12	1.24E-12	1.30E-12	1.35E-12	1.39E-12	1.43E-12	1.46E-12	1.49E-12	1.52E-12	1.55E-12	1.58E-12	1.60E-12	1.64E-12	1.68E-12	1.72E-12	1.77E-12
hf180	180	72	108	2.76E-12	2.76E-12	2.76E-12	2.76E-12	2.76E-12	2.76E-12	2.76E-12	2.79E-12	2.89E-12	3.10E-12	3.39E-12	3.71E-12	4.02E-12	4.31E-12	4.56E-12	4.77E-12	4.95E-12	5.11E-12	5.28E-12	5.44E-12	5.60E-12	5.76E-12	5.94E-12	6.17E-12	6.40E-12	6.69E-12
hf181	181	72	109	0.00E+00	0.00E+00	0.00E+00	0.00E+00	0.00E+00	0.00E+00	0.00E+00	0.00E+00	0.00E+00	0.00E+00	0.00E+00	0.00E+00	0.00E+00	0.00E+00	0.00E+00	0.00E+00	0.00E+00	0.00E+00	0.00E+00	0.00E+00	0.00E+00	0.00E+00	0.00E+00	0.00E+00	0.00E+00	0.00E+00
hf182	182	72	110	0.00E+00	3.65E-38	3.65E-38	3.64E-38	3.61E-38	3.00E-34	1.14E-18	8.41E-17	8.06E-16	4.35E-15	1.55E-14	3.70E-14	6.96E-14	1.09E-13	1.54E-13	2.01E-13	2.47E-13	2.94E-13	3.47E-13	4.04E-13	4.62E-13	5.25E-13	5.98E-13	6.95E-13	7.87E-13	8.50E-13
ta181	181	73	108	1.16E-12	1.16E-12	1.16E-12	1.16E-12	1.16E-12	1.16E-12	1.16E-12	1.17E-12	1.19E-12	1.23E-12	1.29E-12	1.37E-12	1.43E-12	1.50E-12	1.56E-12	1.60E-12	1.65E-12	1.69E-12	1.72E-12	1.76E-12	1.80E-12	1.84E-12	1.88E-12	1.94E-12	1.99E-12	2.06E-12
ta182	182	73	109	0.00E+00	0.00E+00	0.00E+00	0.00E+00	0.00E+00	0.00E+00	1.04E-26	7.72E-25	7.40E-24	3.99E-23	1.42E-22	3.40E-22	6.38E-22	1.00E-21	1.41E-21	1.84E-21	2.26E-21	2.70E-21	3.18E-21	3.71E-21	4.23E-21	4.81E-21	5.49E-21	6.38E-21	7.22E-21	7.80E-21
ta183	183	73	110	0.00E+00	0.00E+00	0.00E+00	0.00E+00	0.00E+00	0.00E+00	0.00E+00	0.00E+00	0.00E+00	0.00E+00	0.00E+00	0.00E+00	0.00E+00	0.00E+00	0.00E+00	0.00E+00	0.00E+00	0.00E+00	0.00E+00	0.00E+00	0.00E+00	0.00E+00	0.00E+00	0.00E+00	0.00E+00	0.00E+00
w182	182	74	108	1.81E-12	1.81E-12	1.81E-12	1.81E-12	1.81E-12	1.81E-12	1.81E-12	1.83E-12	1.88E-12	1.99E-12	2.13E-12	2.28E-12	2.41E-12	2.53E-12	2.63E-12	2.72E-12	2.79E-12	2.86E-12	2.92E-12	2.99E-12	3.05E-12	3.12E-12	3.19E-12	3.28E-12	3.37E-12	3.48E-12
w183	183	74	109	9.79E-13	9.80E-13	9.80E-13	9.80E-13	9.80E-13	9.80E-13	9.80E-13	9.87E-13	1.02E-12	1.07E-12	1.15E-12	1.23E-12	1.31E-12	1.39E-12	1.45E-12	1.51E-12	1.56E-12	1.61E-12	1.65E-12	1.70E-12	1.75E-12	1.80E-12	1.86E-12	1.94E-12	2.01E-12	2.08E-12
w184	184	74	110	2.10E-12	2.10E-12	2.10E-12	2.10E-12	2.10E-12	2.10E-12	2.10E-12	2.11E-12	2.18E-12	2.31E-12	2.50E-12	2.72E-12	2.92E-12	3.11E-12	3.26E-12	3.40E-12	3.51E-12	3.62E-12	3.73E-12	3.84E-12	3.95E-12	4.07E-12	4.20E-12	4.38E-12	4.55E-12	4.73E-12
w185	185	74	111	0.00E+00	0.00E+00	0.00E+00	0.00E+00	0.00E+00	0.00E+00	0.00E+00	0.00E+00	0.00E+00	0.00E+00	0.00E+00	0.00E+00	0.00E+00	0.00E+00	0.00E+00	0.00E+00	0.00E+00	0.00E+00	0.00E+00	0.00E+00	0.00E+00	0.00E+00	0.00E+00	0.00E+00	0.00E+00	0.00E+00
w186	186	74	112	1.95E-12	1.95E-12	1.95E-12	1.95E-12	1.95E-12	1.95E-12	1.95E-12	1.95E-12	1.95E-12	1.97E-12	2.02E-12	2.08E-12	2.16E-12	2.23E-12	2.31E-12	2.37E-12	2.43E-12	2.48E-12	2.54E-12	2.59E-12	2.65E-12	2.71E-12	2.77E-12	2.86E-12	2.94E-12	3.03E-12
re185	185	75	110	9.94E-13	9.94E-13	9.94E-13	9.94E-13	9.94E-13	9.94E-13	9.94E-13	9.97E-13	1.01E-12	1.03E-12	1.07E-12	1.11E-12	1.14E-12	1.18E-12	1.21E-12	1.24E-12	1.26E-12	1.28E-12	1.30E-12	1.32E-12	1.34E-12	1.36E-12	1.38E-12	1.42E-12	1.45E-12	1.48E-12
re186	186	75	111	0.00E+00	0.00E+00	0.00E+00	0.00E+00	0.00E+00	0.00E+00	0.00E+00	0.00E+00	0.00E+00	0.00E+00	0.00E+00	0.00E+00	0.00E+00	0.00E+00	0.00E+00	0.00E+00	0.00E+00	0.00E+00	0.00E+00	0.00E+00	0.00E+00	0.00E+00	0.00E+00	0.00E+00	0.00E+00	0.00E+00
re187	187	75	112	1.94E-12	1.93E-12	1.93E-12	1.93E-12	1.93E-12	1.93E-12	1.93E-12	1.93E-12	1.93E-12	1.93E-12	1.94E-12	1.95E-12	1.97E-12	1.98E-12	2.00E-12	2.01E-12	2.02E-12	2.03E-12	2.04E-12	2.05E-12	2.06E-12	2.07E-12	2.08E-12	2.09E-12	2.11E-12	2.12E-12
os186	186	76	110	5.48E-13	5.48E-13	5.48E-13	5.48E-13	5.48E-13	5.48E-13	5.48E-13	5.58E-13	5.89E-13	6.49E-13	7.29E-13	8.15E-13	8.95E-13	9.66E-13	1.02E-12	1.07E-12	1.11E-12	1.15E-12	1.19E-12	1.23E-12	1.26E-12	1.30E-12	1.35E-12	1.41E-12	1.46E-12	1.53E-12
os187	187	76	111	2.93E-13	3.00E-13	3.00E-13	3.00E-13	3.00E-13	3.00E-13	3.00E-13	3.03E-13	3.13E-13	3.32E-13	3.56E-13	3.81E-13	4.03E-13	4.22E-13	4.37E-13	4.49E-13	4.60E-13	4.69E-13	4.78E-13	4.87E-13	4.97E-13	5.06E-13	5.17E-13	5.31E-13	5.45E-13	5.61E-13
os188	188	76	112	4.58E-12	4.58E-12	4.58E-12	4.58E-12	4.58E-12	4.58E-12	4.58E-12	4.59E-12	4.64E-12	4.74E-12	4.87E-12	5.02E-12	5.16E-12	5.29E-12	5.40E-12	5.50E-12	5.58E-12	5.65E-12	5.72E-12	5.79E-12	5.87E-12	5.94E-12	6.02E-12	6.14E-12	6.24E-12	6.37E-12
os189	189	76	113	5.58E-12	5.58E-12	5.58E-12	5.58E-12	5.58E-12	5.58E-12	5.58E-12	5.58E-12	5.59E-12	5.60E-12	5.63E-12	5.65E-12	5.68E-12	5.70E-12	5.71E-12	5.72E-12	5.73E-12	5.74E-12	5.75E-12	5.75E-12	5.76E-12	5.77E-12	5.77E-12	5.78E-12	5.79E-12	5.80E-12
os190	190	76	114	9.07E-12	9.07E-12	9.07E-12	9.07E-12	9.07E-12	9.07E-12	9.07E-12	9.09E-12	9.14E-12	9.24E-12	9.38E-12	9.53E-12	9.67E-12	9.80E-12	9.91E-12	9.99E-12	1.01E-11	1.01E-11	1.02E-11	1.02E-11	1.03E-11	1.04E-11	1.04E-11	1.05E-11	1.06E-11	1.07E-11
os191	191	76	115	0.00E+00	0.00E+00	0.00E+00	0.00E+00	0.00E+00	0.00E+00	0.00E+00	0.00E+00	0.00E+00	0.00E+00	0.00E+00	0.00E+00	0.00E+00	0.00E+00	0.00E+00	0.00E+00	0.00E+00	0.00E+00	0.00E+00	0.00E+00	0.00E+00	0.00E+00	0.00E+00	0.00E+00	0.00E+00	0.00E+00
os192	192	76	116	1.41E-11	1.41E-11	1.41E-11	1.41E-11	1.41E-11	1.41E-11	1.41E-11	1.41E-11	1.41E-11	1.41E-11	1.41E-11	1.41E-11	1.41E-11	1.41E-11	1.42E-11	1.42E-11	1.42E-11	1.42E-11	1.42E-11	1.42E-11	1.42E-11	1.42E-11	1.42E-11	1.42E-11	1.42E-11	1.42E-11
ir191	191	77	114	1.19E-11	1.19E-11	1.19E-11	1.19E-11	1.19E-11	1.19E-11	1.19E-11	1.19E-11	1.19E-11	1.20E-11	1.20E-11	1.20E-11	1.20E-11	1.20E-11	1.20E-11	1.20E-11	1.20E-11	1.20E-11	1.20E-11	1.20E-11	1.20E-11	1.20E-11	1.20E-11	1.20E-11	1.20E-11	1.19E-11
ir192	192	77	115	0.00E+00	0.00E+00	0.00E+00	0.00E+00	0.00E+00	0.00E+00	0.00E+00	0.00E+00	0.00E+00	0.00E+00	0.00E+00	0.00E+00	0.00E+00	0.00E+00	0.00E+00	0.00E+00	0.00E+00	0.00E+00	0.00E+00	0.00E+00	0.00E+00	0.00E+00	0.00E+00	0.00E+00	0.00E+00	0.00E+00
ir193	193	77	116	2.01E-11	2.01E-11	2.01E-11	2.01E-11	2.01E-11	2.01E-11	2.01E-11	2.01E-11	2.01E-11	2.01E-11	2.01E-11	2.01E-11	2.01E-11	2.01E-11	2.01E-11	2.01E-11	2.01E-11	2.01E-11	2.01E-11	2.01E-11	2.00E-11	2.00E-11	2.00E-11	2.00E-11	2.00E-11	1.99E-11
pt192	192	78	114	5.00E-13	5.00E-13	5.00E-13	5.00E-13	5.00E-13	5.00E-13	5.00E-13	5.07E-13	5.27E-13	5.61E-13	6.03E-13	6.46E-13	6.85E-13	7.20E-13	7.48E-13	7.71E-13	7.90E-13	8.07E-13	8.24E-13	8.40E-13	8.57E-13	8.73E-13	8.92E-13	9.16E-13	9.39E-13	9.69E-13
pt193	193	78	115	0.00E+00	0.00E+00	0.00E+00	0.00E+00	0.00E+00	0.00E+00	0.00E+00	0.00E+00	0.00E+00	0.00E+00	0.00E+00	0.00E+00	0.00E+00	0.00E+00	0.00E+00	0.00E+00	0.00E+00	0.00E+00	0.00E+00	0.00E+00	0.00E+00	0.00E+00	0.00E+00	0.00E+00	0.00E+00	0.00E+00
pt194	194	78	116	2.11E-11	2.11E-11	2.11E-11	2.11E-11	2.11E-11	2.11E-11	2.11E-11	2.11E-11	2.11E-11	2.12E-11	2.13E-11	2.14E-11	2.15E-11	2.16E-11	2.16E-11	2.17E-11	2.17E-11	2.18E-11	2.18E-11	2.18E-11	2.18E-11	2.19E-11	2.19E-11	2.19E-11	2.20E-11	2.20E-11
pt195	195	78	117	2.16E-11	2.16E-11	2.16E-11	2.16E-11	2.16E-11	2.16E-11	2.16E-11	2.16E-11	2.16E-11	2.16E-11	2.17E-11	2.17E-11	2.17E-11	2.17E-11	2.18E-11	2.18E-11	2.18E-11	2.17E-11	2.17E-11	2.17E-11	2.17E-11	2.17E-11	2.17E-11	2.17E-11	2.16E-11	2.16E-11
pt196	196	78	118	1.61E-11	1.61E-11	1.61E-11	1.61E-11	1.61E-11	1.61E-11	1.61E-11	1.62E-11	1.62E-11	1.64E-11	1.66E-11	1.68E-11	1.70E-11	1.72E-11	1.74E-11	1.75E-11	1.76E-11	1.77E-11	1.78E-11	1.79E-11	1.80E-11	1.81E-11	1.82E-11	1.83E-11	1.84E-11	1.86E-11
au197	197	79	118	9.67E-12	9.67E-12	9.67E-12	9.67E-12	9.67E-12	9.67E-12	9.67E-12	9.67E-12	9.69E-12	9.74E-12	9.80E-12	9.87E-12	9.94E-12	1.00E-11	1.00E-11	1.01E-11	1.01E-11	1.01E-11	1.02E-11	1.02E-11	1.02E-11	1.02E-11	1.02E-11	1.03E-11	1.03E-11	1.03E-11
hg198	198	80	118	2.26E-12	2.26E-12	2.26E-12	2.26E-12	2.26E-12	2.26E-12	2.26E-12	2.28E-12	2.35E-12	2.50E-12	2.72E-12	2.98E-12	3.23E-12	3.47E-12	3.68E-12	3.87E-12	4.03E-12	4.17E-12	4.32E-12	4.46E-12	4.59E-12	4.73E-12	4.89E-12	5.07E-12	5.26E-12	5.51E-12
hg199	199	80	119	3.82E-12	3.82E-12	3.82E-12	3.82E-12	3.82E-12	3.82E-12	3.82E-12	3.83E-12	3.86E-12	3.92E-12	4.01E-12	4.11E-12	4.21E-12	4.31E-12	4.40E-12	4.47E-12	4.54E-12	4.60E-12	4.66E-12	4.72E-12	4.77E-12	4.83E-12	4.90E-12	4.97E-12	5.05E-12	5.15E-12
hg200	200	80	120	5.24E-12	5.24E-12	5.24E-12	5.24E-12	5.24E-12	5.24E-12	5.24E-12	5.26E-12	5.36E-12	5.55E-12	5.83E-12	6.15E-12	6.47E-12	6.77E-12	7.03E-12	7.27E-12	7.47E-12	7.67E-12	7.86E-12	8.06E-12	8.26E-12	8.46E-12	8.69E-12	8.98E-12	9.26E-12	9.57E-12
hg201	201	80	121	2.99E-12	2.99E-12	2.99E-12	2.99E-12	2.99E-12	2.99E-12	2.99E-12	3.00E-12	3.03E-12	3.11E-12	3.22E-12	3.34E-12	3.47E-12	3.59E-12	3.69E-12	3.78E-12	3.86E-12	3.94E-12	4.01E-12	4.09E-12	4.17E-12	4.25E-12	4.34E-12	4.46E-12	4.57E-12	4.69E-12
hg202	202	80	122	6.77E-12	6.77E-12	6.77E-12	6.77E-12	6.77E-12	6.77E-12	6.77E-12	6.81E-12	6.96E-12	7.26E-12	7.70E-12	8.19E-12	8.67E-12	9.11E-12	9.49E-12	9.81E-12	1.01E-11	1.03E-11	1.06E-11	1.09E-11	1.11E-11	1.14E-11	1.17E-11	1.21E-11	1.25E-11	1.29E-11
tl203	203	81	122	2.66E-12	2.66E-12	2.66E-12	2.66E-12	2.66E-12	2.66E-12	2.66E-12	2.68E-12	2.74E-12	2.87E-12	3.06E-12	3.29E-12	3.52E-12	3.73E-12	3.92E-12	4.08E-12	4.22E-12	4.35E-12	4.48E-12	4.61E-12	4.74E-12	4.87E-12	5.03E-12	5.23E-12	5.43E-12	5.64E-12
tl204	204	81	123	0.00E+00	0.00E+00	0.00E+00	0.00E+00	0.00E+00	0.00E+00	0.00E+00	0.00E+00	0.00E+00	0.00E+00	0.00E+00	0.00E+00	0.00E+00	0.00E+00	0.00E+00	0.00E+00	0.00E+00	0.00E+00	0.00E+00	0.00E+00	0.00E+00	0.00E+00	0.00E+00	0.00E+00	0.00E+00	0.00E+00
tl205	205	81	124	6.36E-12	6.36E-12	6.36E-12	6.36E-12	6.36E-12	6.36E-12	6.36E-12	6.36E-12	6.37E-12	6.39E-12	6.44E-12	6.53E-12	6.64E-12	6.76E-12	6.90E-12	7.03E-12	7.15E-12	7.28E-12	7.42E-12	7.58E-12	7.73E-12	7.90E-12	8.10E-12	8.39E-12	8.65E-12	8.86E-12
pb204	204	82	122	3.36E-12	3.36E-12	3.36E-12	3.36E-12	3.36E-12	3.36E-12	3.36E-12	3.38E-12	3.46E-12	3.63E-12	3.87E-12	4.14E-12	4.39E-12	4.62E-12	4.81E-12	4.96E-12	5.09E-12	5.19E-12	5.29E-12	5.40E-12	5.49E-12	5.59E-12	5.71E-12	5.84E-12	5.98E-12	6.17E-12
pb205	205	82	123	0.00E+00	1.50E-26	1.50E-26	1.50E-26	1.48E-26	3.86E-24	2.03E-16	1.45E-14	6.84E-14	1.78E-13	3.31E-13	4.97E-13	6.47E-13	7.78E-13	8.80E-13	9.59E-13	1.02E-12	1.07E-12	1.11E-12	1.15E-12	1.19E-12	1.22E-12	1.26E-12	1.30E-12	1.34E-12	1.43E-12
pb206	206	82	124	3.12E-11	3.12E-11	3.12E-11	3.12E-11	3.12E-11	3.12E-11	3.12E-11	3.13E-11	3.17E-11	3.25E-11	3.38E-11	3.53E-11	3.67E-11	3.81E-11	3.92E-11	4.01E-11	4.09E-11	4.16E-11	4.23E-11	4.29E-11	4.36E-11	4.42E-11	4.50E-11	4.59E-11	4.69E-11	4.79E-11
pb207	207	82	125	3.45E-11	3.46E-11	3.46E-11	3.46E-11	3.46E-11	3.46E-11	3.46E-11	3.46E-11	3.50E-11	3.58E-11	3.70E-11	3.86E-11	4.01E-11	4.16E-11	4.28E-11	4.39E-11	4.47E-11	4.54E-11	4.62E-11	4.69E-11	4.75E-11	4.82E-11	4.90E-11	5.00E-11	5.10E-11	5.21E-11
pb208	208	82	126	9.89E-11	9.89E-11	9.89E-11	9.89E-11	9.89E-11	9.89E-11	9.89E-11	9.90E-11	9.93E-11	1.00E-10	1.02E-10	1.04E-10	1.06E-10	1.08E-10	1.09E-10	1.11E-10	1.12E-10	1.13E-10	1.14E-10	1.15E-10	1.16E-10	1.17E-10	1.18E-10	1.19E-10	1.20E-10	1.22E-10
bi209	209	83	126	6.84E-12	6.85E-12	6.85E-12	6.85E-12	6.85E-12	6.85E-12	6.85E-12	6.85E-12	6.85E-12	6.85E-12	6.86E-12	6.87E-12	6.89E-12	6.90E-12	6.92E-12	6.93E-12	6.94E-12	6.95E-12	6.96E-12	6.97E-12	6.98E-12	6.99E-12	7.00E-12	7.02E-12	7.04E-12	7.05E-12
bi210	210	83	127	0.00E+00	0.00E+00	0.00E+00	0.00E+00	0.00E+00	0.00E+00	0.00E+00	0.00E+00	0.00E+00	0.00E+00	0.00E+00	0.00E+00	0.00E+00	0.00E+00	0.00E+00	0.00E+00	0.00E+00	0.00E+00	0.00E+00	0.00E+00	0.00E+00	0.00E+00	0.00E+00	0.00E+00	0.00E+00	0.00E+00
po210	210	84	126	0.00E+00	3.05E-27	3.05E-27	3.05E-27	3.02E-27	3.31E-25	6.47E-17	3.92E-16	1.50E-15	4.34E-15	9.48E-15	1.66E-14	2.49E-14	3.34E-14	4.15E-14	4.87E-14	5.50E-14	6.06E-14	6.61E-14	7.15E-14	7.67E-14	8.22E-14	8.85E-14	9.70E-14	1.05E-13	1.14E-13