# M = 3.000, Z =  0.007, Y =  0.260, Set 2																											
# Surface normalized number abundances																											
Isotope	A	Z	N	Initial	TP #1	TP #2	TP #3	TP #4	TP #5	TP #6	TP #7	TP #8	TP #9	TP #10	TP #11	TP #12	TP #13	TP #14	TP #15	TP #16	TP #17	TP #18	TP #19	TP #20	TP #21	TP #22	Final
p	1	1	0	7.33E-01	7.19E-01	7.19E-01	7.19E-01	7.19E-01	7.19E-01	7.19E-01	7.18E-01	7.16E-01	7.14E-01	7.12E-01	7.10E-01	7.07E-01	7.04E-01	7.01E-01	6.99E-01	6.96E-01	6.93E-01	6.90E-01	6.87E-01	6.85E-01	6.82E-01	6.79E-01	6.76E-01
d	2	1	1	0.00E+00	3.05E-18	3.05E-18	3.03E-18	3.03E-18	3.09E-18	3.19E-18	3.20E-18	3.21E-18	3.19E-18	3.17E-18	3.14E-18	3.13E-18	3.09E-18	3.08E-18	3.06E-18	3.04E-18	3.03E-18	3.51E-18	3.28E-18	3.40E-18	3.48E-18	3.27E-18	3.22E-18
he3	3	2	1	0.00E+00	3.90E-05	3.90E-05	3.87E-05	3.83E-05	3.76E-05	3.76E-05	3.73E-05	3.72E-05	3.69E-05	3.68E-05	3.65E-05	3.64E-05	3.62E-05	3.61E-05	3.59E-05	3.57E-05	3.56E-05	3.54E-05	3.53E-05	3.51E-05	3.50E-05	3.49E-05	3.47E-05
he4	4	2	2	6.50E-02	6.84E-02	6.84E-02	6.84E-02	6.83E-02	6.83E-02	6.84E-02	6.86E-02	6.88E-02	6.91E-02	6.95E-02	7.00E-02	7.04E-02	7.09E-02	7.14E-02	7.19E-02	7.24E-02	7.29E-02	7.34E-02	7.39E-02	7.44E-02	7.49E-02	7.54E-02	7.60E-02
li7	7	3	4	6.50E-10	1.05E-10	1.05E-10	1.09E-10	1.14E-10	1.23E-10	1.23E-10	1.23E-10	1.20E-10	1.14E-10	1.05E-10	9.65E-11	8.71E-11	8.09E-11	7.13E-11	6.07E-11	5.19E-11	4.44E-11	3.81E-11	3.30E-11	2.82E-11	2.44E-11	2.13E-11	2.14E-11
be7	7	4	3	0.00E+00	0.00E+00	0.00E+00	0.00E+00	0.00E+00	0.00E+00	0.00E+00	0.00E+00	0.00E+00	0.00E+00	0.00E+00	0.00E+00	0.00E+00	0.00E+00	0.00E+00	0.00E+00	0.00E+00	0.00E+00	9.74E-26	0.00E+00	1.46E-25	0.00E+00	0.00E+00	0.00E+00
b8	8	5	3	0.00E+00	8.55E-32	1.56E-31	2.88E-31	3.25E-31	2.18E-31	1.93E-31	1.69E-31	2.18E-31	1.83E-31	2.65E-31	3.81E-31	3.40E-31	4.28E-31	5.60E-31	5.94E-31	8.02E-31	8.09E-31	0.00E+00	3.70E-31	0.00E+00	0.00E+00	3.89E-31	4.88E-31
c12	12	6	6	1.04E-04	5.70E-05	5.70E-05	5.73E-05	5.78E-05	6.17E-05	7.67E-05	1.05E-04	1.44E-04	1.91E-04	2.42E-04	2.95E-04	3.51E-04	4.05E-04	4.61E-04	5.16E-04	5.73E-04	6.29E-04	6.84E-04	7.37E-04	7.92E-04	8.47E-04	9.03E-04	9.68E-04
c13	13	6	7	1.17E-06	3.02E-06	3.02E-06	3.01E-06	2.99E-06	2.96E-06	2.95E-06	2.94E-06	2.93E-06	2.92E-06	2.91E-06	2.89E-06	2.88E-06	2.87E-06	2.86E-06	2.85E-06	2.84E-06	2.83E-06	2.82E-06	2.81E-06	2.80E-06	2.79E-06	2.78E-06	2.76E-06
c14	14	6	8	0.00E+00	3.90E-35	1.11E-32	3.28E-32	3.54E-31	7.03E-15	9.24E-12	6.26E-12	2.79E-12	1.15E-12	6.39E-13	5.26E-13	5.68E-13	7.46E-13	8.60E-13	1.07E-12	1.46E-12	2.13E-12	3.00E-12	4.25E-12	5.79E-12	8.05E-12	1.41E-11	2.86E-11
n13	13	7	6	0.00E+00	0.00E+00	0.00E+00	0.00E+00	0.00E+00	0.00E+00	0.00E+00	0.00E+00	0.00E+00	0.00E+00	0.00E+00	0.00E+00	0.00E+00	0.00E+00	0.00E+00	0.00E+00	0.00E+00	0.00E+00	0.00E+00	0.00E+00	0.00E+00	0.00E+00	0.00E+00	0.00E+00
n14	14	7	7	2.65E-05	8.23E-05	8.23E-05	8.19E-05	8.14E-05	8.05E-05	8.04E-05	8.00E-05	7.99E-05	7.95E-05	7.92E-05	7.88E-05	7.86E-05	7.83E-05	7.80E-05	7.77E-05	7.74E-05	7.72E-05	7.69E-05	7.66E-05	7.64E-05	7.61E-05	7.59E-05	7.56E-05
n15	15	7	8	6.08E-08	2.60E-08	2.60E-08	2.62E-08	2.65E-08	2.71E-08	2.72E-08	2.75E-08	2.75E-08	2.76E-08	2.76E-08	2.76E-08	2.75E-08	2.74E-08	2.73E-08	2.72E-08	2.71E-08	2.70E-08	2.69E-08	2.68E-08	2.67E-08	2.66E-08	2.65E-08	2.64E-08
o14	14	8	6	0.00E+00	0.00E+00	0.00E+00	0.00E+00	0.00E+00	0.00E+00	0.00E+00	0.00E+00	0.00E+00	0.00E+00	0.00E+00	0.00E+00	0.00E+00	0.00E+00	0.00E+00	0.00E+00	0.00E+00	0.00E+00	0.00E+00	0.00E+00	0.00E+00	0.00E+00	0.00E+00	0.00E+00
o15	15	8	7	0.00E+00	0.00E+00	0.00E+00	0.00E+00	0.00E+00	0.00E+00	0.00E+00	0.00E+00	0.00E+00	0.00E+00	0.00E+00	0.00E+00	0.00E+00	0.00E+00	0.00E+00	0.00E+00	0.00E+00	0.00E+00	0.00E+00	0.00E+00	0.00E+00	0.00E+00	0.00E+00	0.00E+00
o16	16	8	8	1.89E-04	1.78E-04	1.78E-04	1.78E-04	1.78E-04	1.79E-04	1.79E-04	1.79E-04	1.80E-04	1.82E-04	1.83E-04	1.84E-04	1.84E-04	1.85E-04	1.85E-04	1.86E-04	1.86E-04	1.86E-04	1.87E-04	1.87E-04	1.88E-04	1.88E-04	1.88E-04	1.89E-04
o17	17	8	9	7.18E-08	8.43E-07	8.43E-07	8.37E-07	8.30E-07	8.16E-07	8.15E-07	8.09E-07	8.07E-07	8.02E-07	7.99E-07	7.94E-07	7.91E-07	7.87E-07	7.84E-07	7.80E-07	7.77E-07	7.74E-07	7.71E-07	7.68E-07	7.65E-07	7.62E-07	7.58E-07	7.55E-07
o18	18	8	10	3.78E-07	2.37E-07	2.37E-07	2.38E-07	2.39E-07	2.42E-07	2.42E-07	2.42E-07	2.42E-07	2.42E-07	2.41E-07	2.41E-07	2.40E-07	2.39E-07	2.38E-07	2.37E-07	2.36E-07	2.35E-07	2.34E-07	2.33E-07	2.32E-07	2.31E-07	2.31E-07	2.29E-07
o19	19	8	11	0.00E+00	0.00E+00	0.00E+00	0.00E+00	0.00E+00	0.00E+00	0.00E+00	0.00E+00	0.00E+00	0.00E+00	0.00E+00	0.00E+00	0.00E+00	0.00E+00	0.00E+00	0.00E+00	0.00E+00	0.00E+00	0.00E+00	0.00E+00	0.00E+00	0.00E+00	0.00E+00	0.00E+00
f17	17	9	8	0.00E+00	0.00E+00	0.00E+00	0.00E+00	0.00E+00	0.00E+00	0.00E+00	0.00E+00	0.00E+00	0.00E+00	0.00E+00	0.00E+00	0.00E+00	0.00E+00	0.00E+00	0.00E+00	0.00E+00	0.00E+00	0.00E+00	0.00E+00	0.00E+00	0.00E+00	0.00E+00	0.00E+00
f18	18	9	9	0.00E+00	0.00E+00	0.00E+00	0.00E+00	0.00E+00	0.00E+00	0.00E+00	0.00E+00	0.00E+00	0.00E+00	0.00E+00	0.00E+00	0.00E+00	0.00E+00	0.00E+00	0.00E+00	0.00E+00	0.00E+00	0.00E+00	0.00E+00	0.00E+00	0.00E+00	0.00E+00	0.00E+00
f19	19	9	10	1.03E-08	9.52E-09	9.52E-09	9.53E-09	9.53E-09	9.59E-09	1.02E-08	1.18E-08	1.46E-08	1.88E-08	2.43E-08	3.08E-08	3.85E-08	4.69E-08	5.63E-08	6.72E-08	7.94E-08	9.28E-08	1.06E-07	1.20E-07	1.34E-07	1.50E-07	1.66E-07	1.85E-07
f20	20	9	11	0.00E+00	0.00E+00	0.00E+00	0.00E+00	0.00E+00	0.00E+00	0.00E+00	0.00E+00	0.00E+00	0.00E+00	0.00E+00	0.00E+00	0.00E+00	0.00E+00	0.00E+00	0.00E+00	0.00E+00	0.00E+00	0.00E+00	0.00E+00	0.00E+00	0.00E+00	0.00E+00	0.00E+00
ne19	19	10	9	0.00E+00	0.00E+00	0.00E+00	0.00E+00	0.00E+00	0.00E+00	0.00E+00	0.00E+00	0.00E+00	0.00E+00	0.00E+00	0.00E+00	0.00E+00	0.00E+00	0.00E+00	0.00E+00	0.00E+00	0.00E+00	0.00E+00	0.00E+00	0.00E+00	0.00E+00	0.00E+00	0.00E+00
ne20	20	10	10	3.10E-05	3.10E-05	3.10E-05	3.10E-05	3.10E-05	3.10E-05	3.10E-05	3.10E-05	3.10E-05	3.10E-05	3.10E-05	3.10E-05	3.11E-05	3.11E-05	3.12E-05	3.13E-05	3.14E-05	3.15E-05	3.16E-05	3.17E-05	3.19E-05	3.20E-05	3.22E-05	3.24E-05
ne21	21	10	11	7.44E-08	8.48E-08	8.48E-08	8.48E-08	8.47E-08	8.45E-08	8.45E-08	8.48E-08	8.56E-08	8.67E-08	8.83E-08	9.01E-08	9.23E-08	9.47E-08	9.75E-08	1.01E-07	1.05E-07	1.09E-07	1.13E-07	1.17E-07	1.21E-07	1.26E-07	1.32E-07	1.37E-07
ne22	22	10	12	2.28E-06	1.95E-06	1.95E-06	1.95E-06	1.95E-06	2.01E-06	2.72E-06	4.70E-06	8.11E-06	1.26E-05	1.77E-05	2.29E-05	2.84E-05	3.38E-05	3.96E-05	4.55E-05	5.18E-05	5.81E-05	6.46E-05	7.10E-05	7.79E-05	8.51E-05	9.27E-05	1.02E-04
ne23	23	10	13	0.00E+00	0.00E+00	0.00E+00	0.00E+00	0.00E+00	0.00E+00	0.00E+00	0.00E+00	0.00E+00	0.00E+00	0.00E+00	0.00E+00	0.00E+00	0.00E+00	0.00E+00	0.00E+00	0.00E+00	0.00E+00	0.00E+00	0.00E+00	0.00E+00	0.00E+00	0.00E+00	0.00E+00
na21	21	11	10	0.00E+00	0.00E+00	0.00E+00	0.00E+00	0.00E+00	0.00E+00	0.00E+00	0.00E+00	0.00E+00	0.00E+00	0.00E+00	0.00E+00	0.00E+00	0.00E+00	0.00E+00	0.00E+00	0.00E+00	0.00E+00	0.00E+00	0.00E+00	0.00E+00	0.00E+00	0.00E+00	0.00E+00
na22	22	11	11	0.00E+00	0.00E+00	0.00E+00	0.00E+00	0.00E+00	0.00E+00	0.00E+00	0.00E+00	0.00E+00	0.00E+00	0.00E+00	0.00E+00	0.00E+00	0.00E+00	0.00E+00	0.00E+00	0.00E+00	0.00E+00	2.11E-34	0.00E+00	5.64E-34	0.00E+00	0.00E+00	0.00E+00
na23	23	11	12	7.30E-07	1.06E-06	1.06E-06	1.06E-06	1.06E-06	1.05E-06	1.06E-06	1.07E-06	1.10E-06	1.14E-06	1.20E-06	1.25E-06	1.31E-06	1.37E-06	1.43E-06	1.50E-06	1.57E-06	1.64E-06	1.72E-06	1.80E-06	1.90E-06	2.00E-06	2.11E-06	2.26E-06
na24	24	11	13	0.00E+00	0.00E+00	0.00E+00	0.00E+00	0.00E+00	0.00E+00	0.00E+00	0.00E+00	0.00E+00	0.00E+00	0.00E+00	0.00E+00	0.00E+00	0.00E+00	0.00E+00	0.00E+00	0.00E+00	0.00E+00	0.00E+00	0.00E+00	0.00E+00	0.00E+00	0.00E+00	0.00E+00
mg23	23	12	11	0.00E+00	0.00E+00	0.00E+00	0.00E+00	0.00E+00	0.00E+00	0.00E+00	0.00E+00	0.00E+00	0.00E+00	0.00E+00	0.00E+00	0.00E+00	0.00E+00	0.00E+00	0.00E+00	0.00E+00	0.00E+00	0.00E+00	0.00E+00	0.00E+00	0.00E+00	0.00E+00	0.00E+00
mg24	24	12	12	1.23E-05	1.23E-05	1.23E-05	1.23E-05	1.23E-05	1.23E-05	1.23E-05	1.23E-05	1.23E-05	1.24E-05	1.24E-05	1.24E-05	1.24E-05	1.24E-05	1.24E-05	1.24E-05	1.24E-05	1.25E-05	1.25E-05	1.25E-05	1.25E-05	1.25E-05	1.26E-05	1.26E-05
mg25	25	12	13	1.56E-06	1.54E-06	1.54E-06	1.54E-06	1.54E-06	1.54E-06	1.54E-06	1.54E-06	1.54E-06	1.55E-06	1.58E-06	1.60E-06	1.64E-06	1.68E-06	1.73E-06	1.78E-06	1.85E-06	1.91E-06	1.98E-06	2.06E-06	2.14E-06	2.23E-06	2.33E-06	2.44E-06
mg26	26	12	14	1.72E-06	1.74E-06	1.74E-06	1.74E-06	1.74E-06	1.74E-06	1.74E-06	1.74E-06	1.74E-06	1.74E-06	1.75E-06	1.76E-06	1.77E-06	1.78E-06	1.79E-06	1.81E-06	1.83E-06	1.85E-06	1.87E-06	1.90E-06	1.92E-06	1.95E-06	1.99E-06	2.03E-06
mg27	27	12	15	0.00E+00	0.00E+00	0.00E+00	0.00E+00	0.00E+00	0.00E+00	0.00E+00	0.00E+00	0.00E+00	0.00E+00	0.00E+00	0.00E+00	0.00E+00	0.00E+00	0.00E+00	0.00E+00	0.00E+00	0.00E+00	0.00E+00	0.00E+00	0.00E+00	0.00E+00	0.00E+00	0.00E+00
al25	25	13	12	0.00E+00	0.00E+00	0.00E+00	0.00E+00	0.00E+00	0.00E+00	0.00E+00	0.00E+00	0.00E+00	0.00E+00	0.00E+00	0.00E+00	0.00E+00	0.00E+00	0.00E+00	0.00E+00	0.00E+00	0.00E+00	0.00E+00	0.00E+00	0.00E+00	0.00E+00	0.00E+00	0.00E+00
al-6	26	13	13	0.00E+00	1.18E-11	1.13E-11	1.19E-11	4.87E-11	3.00E-10	5.82E-10	9.40E-10	1.27E-09	1.52E-09	1.71E-09	1.83E-09	1.89E-09	1.94E-09	1.96E-09	1.96E-09	1.96E-09	1.95E-09	1.94E-09	1.93E-09	1.92E-09	1.92E-09	1.94E-09	1.99E-09
al*6	26	13	13	0.00E+00	0.00E+00	0.00E+00	0.00E+00	0.00E+00	0.00E+00	0.00E+00	0.00E+00	0.00E+00	0.00E+00	0.00E+00	0.00E+00	0.00E+00	0.00E+00	0.00E+00	0.00E+00	0.00E+00	0.00E+00	0.00E+00	0.00E+00	0.00E+00	0.00E+00	0.00E+00	0.00E+00
al27	27	13	14	1.06E-06	1.06E-06	1.06E-06	1.06E-06	1.06E-06	1.06E-06	1.06E-06	1.06E-06	1.07E-06	1.08E-06	1.09E-06	1.11E-06	1.12E-06	1.13E-06	1.15E-06	1.16E-06	1.18E-06	1.19E-06	1.20E-06	1.21E-06	1.23E-06	1.24E-06	1.25E-06	1.26E-06
al28	28	13	15	0.00E+00	0.00E+00	0.00E+00	0.00E+00	0.00E+00	0.00E+00	0.00E+00	0.00E+00	0.00E+00	0.00E+00	0.00E+00	0.00E+00	0.00E+00	0.00E+00	0.00E+00	0.00E+00	0.00E+00	0.00E+00	0.00E+00	0.00E+00	0.00E+00	0.00E+00	0.00E+00	0.00E+00
si27	27	14	13	0.00E+00	0.00E+00	0.00E+00	0.00E+00	0.00E+00	0.00E+00	0.00E+00	0.00E+00	0.00E+00	0.00E+00	0.00E+00	0.00E+00	0.00E+00	0.00E+00	0.00E+00	0.00E+00	0.00E+00	0.00E+00	0.00E+00	0.00E+00	0.00E+00	0.00E+00	0.00E+00	0.00E+00
si28	28	14	14	1.17E-05	1.17E-05	1.17E-05	1.17E-05	1.17E-05	1.17E-05	1.17E-05	1.17E-05	1.17E-05	1.17E-05	1.17E-05	1.17E-05	1.17E-05	1.17E-05	1.17E-05	1.17E-05	1.17E-05	1.17E-05	1.17E-05	1.17E-05	1.17E-05	1.17E-05	1.17E-05	1.17E-05
si29	29	14	15	5.94E-07	5.94E-07	5.94E-07	5.94E-07	5.94E-07	5.94E-07	5.94E-07	5.94E-07	5.94E-07	5.95E-07	5.95E-07	5.95E-07	5.96E-07	5.96E-07	5.97E-07	5.98E-07	5.98E-07	5.99E-07	6.00E-07	6.01E-07	6.02E-07	6.03E-07	6.04E-07	6.05E-07
si30	30	14	16	3.92E-07	3.92E-07	3.92E-07	3.92E-07	3.92E-07	3.92E-07	3.92E-07	3.92E-07	3.92E-07	3.93E-07	3.94E-07	3.94E-07	3.96E-07	3.97E-07	3.98E-07	4.00E-07	4.01E-07	4.03E-07	4.05E-07	4.07E-07	4.09E-07	4.12E-07	4.14E-07	4.17E-07
p31	31	15	16	1.06E-07	1.06E-07	1.06E-07	1.06E-07	1.06E-07	1.06E-07	1.06E-07	1.06E-07	1.07E-07	1.08E-07	1.10E-07	1.11E-07	1.12E-07	1.13E-07	1.15E-07	1.16E-07	1.17E-07	1.19E-07	1.20E-07	1.22E-07	1.23E-07	1.25E-07	1.26E-07	1.28E-07
p32	32	15	17	0.00E+00	0.00E+00	0.00E+00	0.00E+00	0.00E+00	0.00E+00	0.00E+00	0.00E+00	0.00E+00	0.00E+00	0.00E+00	0.00E+00	0.00E+00	0.00E+00	0.00E+00	0.00E+00	0.00E+00	0.00E+00	0.00E+00	0.00E+00	0.00E+00	0.00E+00	0.00E+00	0.00E+00
p33	33	15	18	0.00E+00	0.00E+00	0.00E+00	0.00E+00	0.00E+00	0.00E+00	0.00E+00	0.00E+00	0.00E+00	0.00E+00	0.00E+00	0.00E+00	0.00E+00	0.00E+00	0.00E+00	0.00E+00	0.00E+00	0.00E+00	0.00E+00	0.00E+00	0.00E+00	0.00E+00	0.00E+00	0.00E+00
s32	32	16	16	4.91E-06	4.91E-06	4.91E-06	4.91E-06	4.91E-06	4.91E-06	4.91E-06	4.91E-06	4.91E-06	4.91E-06	4.90E-06	4.90E-06	4.90E-06	4.90E-06	4.90E-06	4.90E-06	4.89E-06	4.89E-06	4.89E-06	4.89E-06	4.88E-06	4.88E-06	4.88E-06	4.88E-06
s33	33	16	17	3.93E-08	3.93E-08	3.93E-08	3.93E-08	3.93E-08	3.93E-08	3.93E-08	3.94E-08	3.95E-08	3.96E-08	3.98E-08	4.00E-08	4.02E-08	4.04E-08	4.07E-08	4.09E-08	4.12E-08	4.15E-08	4.17E-08	4.20E-08	4.22E-08	4.25E-08	4.27E-08	4.30E-08
s34	34	16	18	2.22E-07	2.22E-07	2.22E-07	2.22E-07	2.22E-07	2.22E-07	2.22E-07	2.22E-07	2.22E-07	2.22E-07	2.22E-07	2.22E-07	2.22E-07	2.22E-07	2.22E-07	2.23E-07	2.23E-07	2.23E-07	2.23E-07	2.23E-07	2.23E-07	2.24E-07	2.24E-07	2.24E-07
s35	35	16	19	0.00E+00	0.00E+00	0.00E+00	0.00E+00	0.00E+00	0.00E+00	0.00E+00	0.00E+00	0.00E+00	0.00E+00	0.00E+00	0.00E+00	0.00E+00	0.00E+00	0.00E+00	0.00E+00	0.00E+00	0.00E+00	0.00E+00	0.00E+00	0.00E+00	0.00E+00	0.00E+00	0.00E+00
s36	36	16	20	1.03E-09	1.03E-09	1.03E-09	1.03E-09	1.03E-09	1.03E-09	1.04E-09	1.05E-09	1.08E-09	1.10E-09	1.14E-09	1.17E-09	1.21E-09	1.25E-09	1.30E-09	1.35E-09	1.40E-09	1.45E-09	1.51E-09	1.56E-09	1.62E-09	1.69E-09	1.76E-09	1.84E-09
cl35	35	17	18	4.60E-08	4.60E-08	4.60E-08	4.60E-08	4.60E-08	4.60E-08	4.60E-08	4.60E-08	4.60E-08	4.60E-08	4.59E-08	4.59E-08	4.59E-08	4.58E-08	4.58E-08	4.57E-08	4.57E-08	4.56E-08	4.56E-08	4.55E-08	4.55E-08	4.54E-08	4.54E-08	4.53E-08
cl36	36	17	19	0.00E+00	2.43E-22	2.18E-22	1.90E-22	1.63E-22	1.63E-13	1.59E-12	3.92E-12	7.42E-12	1.19E-11	1.71E-11	2.25E-11	2.80E-11	3.29E-11	3.77E-11	4.24E-11	4.69E-11	5.10E-11	5.47E-11	5.78E-11	6.09E-11	6.39E-11	6.73E-11	7.24E-11
cl37	37	17	20	1.47E-08	1.47E-08	1.47E-08	1.47E-08	1.47E-08	1.47E-08	1.47E-08	1.48E-08	1.49E-08	1.51E-08	1.52E-08	1.54E-08	1.56E-08	1.58E-08	1.59E-08	1.61E-08	1.63E-08	1.65E-08	1.67E-08	1.69E-08	1.71E-08	1.73E-08	1.75E-08	1.77E-08
ar36	36	18	18	8.33E-07	8.33E-07	8.33E-07	8.33E-07	8.33E-07	8.33E-07	8.33E-07	8.33E-07	8.33E-07	8.33E-07	8.32E-07	8.32E-07	8.32E-07	8.31E-07	8.31E-07	8.31E-07	8.30E-07	8.30E-07	8.30E-07	8.29E-07	8.29E-07	8.29E-07	8.28E-07	8.28E-07
ar37	37	18	19	0.00E+00	0.00E+00	0.00E+00	0.00E+00	0.00E+00	0.00E+00	0.00E+00	0.00E+00	0.00E+00	0.00E+00	0.00E+00	0.00E+00	0.00E+00	0.00E+00	0.00E+00	0.00E+00	0.00E+00	0.00E+00	0.00E+00	0.00E+00	0.00E+00	0.00E+00	0.00E+00	0.00E+00
ar38	38	18	20	1.52E-07	1.52E-07	1.52E-07	1.52E-07	1.52E-07	1.52E-07	1.52E-07	1.52E-07	1.52E-07	1.52E-07	1.52E-07	1.53E-07	1.53E-07	1.53E-07	1.53E-07	1.54E-07	1.54E-07	1.55E-07	1.55E-07	1.55E-07	1.56E-07	1.56E-07	1.57E-07	1.57E-07
ar39	39	18	21	0.00E+00	0.00E+00	0.00E+00	0.00E+00	0.00E+00	0.00E+00	0.00E+00	0.00E+00	0.00E+00	0.00E+00	0.00E+00	0.00E+00	0.00E+00	0.00E+00	0.00E+00	0.00E+00	0.00E+00	0.00E+00	3.93E-37	0.00E+00	4.84E-37	0.00E+00	0.00E+00	0.00E+00
ar40	40	18	22	2.34E-10	2.79E-10	2.79E-10	2.79E-10	2.78E-10	2.77E-10	2.82E-10	2.96E-10	3.19E-10	3.47E-10	3.77E-10	4.06E-10	4.36E-10	4.67E-10	5.01E-10	5.39E-10	5.80E-10	6.24E-10	6.70E-10	7.18E-10	7.69E-10	8.25E-10	8.83E-10	9.54E-10
k39	39	19	20	4.00E-08	4.00E-08	4.00E-08	4.00E-08	4.00E-08	4.00E-08	4.01E-08	4.01E-08	4.01E-08	4.01E-08	4.01E-08	4.01E-08	4.01E-08	4.01E-08	4.01E-08	4.01E-08	4.01E-08	4.01E-08	4.01E-08	4.01E-08	4.01E-08	4.01E-08	4.00E-08	4.00E-08
k40	40	19	21	7.99E-11	2.63E-11	2.63E-11	2.66E-11	2.70E-11	2.78E-11	3.01E-11	3.52E-11	4.34E-11	5.47E-11	6.83E-11	8.33E-11	9.97E-11	1.16E-10	1.33E-10	1.51E-10	1.69E-10	1.87E-10	2.05E-10	2.23E-10	2.40E-10	2.58E-10	2.76E-10	2.96E-10
k41	41	19	22	2.89E-09	2.89E-09	2.89E-09	2.89E-09	2.89E-09	2.89E-09	2.90E-09	2.91E-09	2.93E-09	2.95E-09	2.98E-09	3.02E-09	3.05E-09	3.09E-09	3.13E-09	3.17E-09	3.21E-09	3.26E-09	3.30E-09	3.34E-09	3.38E-09	3.43E-09	3.47E-09	3.52E-09
ca40	40	20	20	6.76E-07	6.76E-07	6.76E-07	6.76E-07	6.76E-07	6.76E-07	6.76E-07	6.76E-07	6.76E-07	6.75E-07	6.75E-07	6.74E-07	6.74E-07	6.74E-07	6.73E-07	6.73E-07	6.72E-07	6.71E-07	6.71E-07	6.70E-07	6.70E-07	6.69E-07	6.68E-07	6.68E-07
ca41	41	20	21	0.00E+00	7.65E-22	5.44E-22	3.64E-22	2.79E-22	5.12E-13	3.75E-12	8.53E-12	1.48E-11	2.15E-11	2.79E-11	3.33E-11	3.80E-11	4.15E-11	4.45E-11	4.73E-11	5.02E-11	5.27E-11	5.44E-11	5.58E-11	5.74E-11	5.92E-11	6.24E-11	6.92E-11
ca42	42	20	22	4.51E-09	4.51E-09	4.51E-09	4.51E-09	4.51E-09	4.51E-09	4.52E-09	4.52E-09	4.54E-09	4.56E-09	4.58E-09	4.60E-09	4.63E-09	4.66E-09	4.69E-09	4.72E-09	4.75E-09	4.78E-09	4.81E-09	4.85E-09	4.88E-09	4.92E-09	4.95E-09	5.00E-09
ca43	43	20	23	9.41E-10	9.41E-10	9.41E-10	9.41E-10	9.41E-10	9.41E-10	9.42E-10	9.43E-10	9.46E-10	9.50E-10	9.54E-10	9.59E-10	9.64E-10	9.69E-10	9.75E-10	9.82E-10	9.88E-10	9.95E-10	1.00E-09	1.01E-09	1.02E-09	1.02E-09	1.03E-09	1.04E-09
ca44	44	20	24	1.45E-08	1.45E-08	1.45E-08	1.45E-08	1.45E-08	1.45E-08	1.46E-08	1.46E-08	1.46E-08	1.46E-08	1.46E-08	1.46E-08	1.47E-08	1.47E-08	1.47E-08	1.47E-08	1.47E-08	1.47E-08	1.47E-08	1.48E-08	1.48E-08	1.48E-08	1.48E-08	1.48E-08
ca45	45	20	25	0.00E+00	0.00E+00	0.00E+00	0.00E+00	0.00E+00	0.00E+00	0.00E+00	0.00E+00	0.00E+00	0.00E+00	0.00E+00	0.00E+00	0.00E+00	0.00E+00	0.00E+00	0.00E+00	0.00E+00	0.00E+00	0.00E+00	0.00E+00	0.00E+00	0.00E+00	0.00E+00	0.00E+00
ca46	46	20	26	2.79E-11	2.79E-11	2.79E-11	2.79E-11	2.79E-11	2.79E-11	3.07E-11	3.87E-11	5.23E-11	6.91E-11	8.75E-11	1.05E-10	1.23E-10	1.40E-10	1.58E-10	1.75E-10	1.93E-10	2.10E-10	2.27E-10	2.43E-10	2.60E-10	2.78E-10	2.96E-10	3.18E-10
ca47	47	20	27	0.00E+00	0.00E+00	0.00E+00	0.00E+00	0.00E+00	0.00E+00	0.00E+00	0.00E+00	0.00E+00	0.00E+00	0.00E+00	0.00E+00	0.00E+00	0.00E+00	0.00E+00	0.00E+00	0.00E+00	0.00E+00	0.00E+00	0.00E+00	0.00E+00	0.00E+00	0.00E+00	0.00E+00
ca48	48	20	28	1.30E-09	1.30E-09	1.30E-09	1.30E-09	1.30E-09	1.30E-09	1.30E-09	1.30E-09	1.30E-09	1.30E-09	1.30E-09	1.30E-09	1.30E-09	1.30E-09	1.30E-09	1.30E-09	1.30E-09	1.30E-09	1.30E-09	1.30E-09	1.30E-09	1.30E-09	1.30E-09	1.30E-09
sc45	45	21	24	4.01E-10	4.01E-10	4.01E-10	4.01E-10	4.01E-10	4.01E-10	4.02E-10	4.05E-10	4.09E-10	4.15E-10	4.22E-10	4.29E-10	4.38E-10	4.46E-10	4.56E-10	4.66E-10	4.76E-10	4.87E-10	4.98E-10	5.09E-10	5.20E-10	5.32E-10	5.44E-10	5.58E-10
sc46	46	21	25	0.00E+00	0.00E+00	0.00E+00	0.00E+00	0.00E+00	0.00E+00	0.00E+00	0.00E+00	0.00E+00	0.00E+00	0.00E+00	0.00E+00	0.00E+00	0.00E+00	0.00E+00	0.00E+00	0.00E+00	0.00E+00	0.00E+00	0.00E+00	0.00E+00	0.00E+00	0.00E+00	0.00E+00
sc47	47	21	26	0.00E+00	0.00E+00	0.00E+00	0.00E+00	0.00E+00	0.00E+00	0.00E+00	0.00E+00	0.00E+00	0.00E+00	0.00E+00	0.00E+00	0.00E+00	0.00E+00	0.00E+00	0.00E+00	0.00E+00	0.00E+00	0.00E+00	0.00E+00	0.00E+00	0.00E+00	0.00E+00	0.00E+00
sc48	48	21	27	2.37E-31	2.37E-31	2.37E-31	2.37E-31	2.37E-31	2.37E-31	2.37E-31	2.37E-31	2.37E-31	2.37E-31	2.37E-31	2.37E-31	2.37E-31	2.37E-31	2.37E-31	2.37E-31	2.37E-31	2.37E-31	2.37E-31	2.37E-31	2.37E-31	2.37E-31	2.36E-31	2.36E-31
ti46	46	22	24	2.40E-09	2.40E-09	2.40E-09	2.40E-09	2.40E-09	2.40E-09	2.40E-09	2.40E-09	2.40E-09	2.41E-09	2.41E-09	2.41E-09	2.41E-09	2.41E-09	2.42E-09	2.42E-09	2.42E-09	2.42E-09	2.42E-09	2.42E-09	2.42E-09	2.42E-09	2.41E-09	2.41E-09
ti47	47	22	25	2.16E-09	2.16E-09	2.16E-09	2.16E-09	2.16E-09	2.16E-09	2.16E-09	2.16E-09	2.16E-09	2.16E-09	2.16E-09	2.16E-09	2.16E-09	2.16E-09	2.16E-09	2.16E-09	2.15E-09	2.15E-09	2.15E-09	2.15E-09	2.15E-09	2.14E-09	2.14E-09	2.14E-09
ti48	48	22	26	2.14E-08	2.14E-08	2.14E-08	2.14E-08	2.14E-08	2.14E-08	2.14E-08	2.14E-08	2.14E-08	2.14E-08	2.14E-08	2.13E-08	2.13E-08	2.13E-08	2.12E-08	2.12E-08	2.12E-08	2.11E-08	2.11E-08	2.10E-08	2.10E-08	2.10E-08	2.09E-08	2.09E-08
ti49	49	22	27	1.57E-09	1.57E-09	1.57E-09	1.57E-09	1.57E-09	1.57E-09	1.58E-09	1.59E-09	1.60E-09	1.62E-09	1.64E-09	1.67E-09	1.70E-09	1.73E-09	1.76E-09	1.80E-09	1.84E-09	1.87E-09	1.91E-09	1.94E-09	1.98E-09	2.02E-09	2.05E-09	2.10E-09
ti50	50	22	28	1.51E-09	1.51E-09	1.51E-09	1.51E-09	1.51E-09	1.51E-09	1.52E-09	1.54E-09	1.59E-09	1.65E-09	1.71E-09	1.77E-09	1.83E-09	1.88E-09	1.94E-09	2.00E-09	2.05E-09	2.11E-09	2.17E-09	2.22E-09	2.28E-09	2.34E-09	2.40E-09	2.48E-09
v51	51	23	28	3.25E-09	3.25E-09	3.25E-09	3.25E-09	3.25E-09	3.25E-09	3.25E-09	3.25E-09	3.25E-09	3.25E-09	3.24E-09	3.24E-09	3.24E-09	3.23E-09	3.23E-09	3.22E-09	3.22E-09	3.21E-09	3.20E-09	3.20E-09	3.19E-09	3.19E-09	3.18E-09	3.17E-09
cr52	52	24	28	1.31E-07	1.31E-07	1.31E-07	1.31E-07	1.31E-07	1.31E-07	1.31E-07	1.31E-07	1.31E-07	1.31E-07	1.31E-07	1.31E-07	1.30E-07	1.30E-07	1.30E-07	1.30E-07	1.30E-07	1.30E-07	1.30E-07	1.30E-07	1.30E-07	1.29E-07	1.29E-07	1.29E-07
cr53	53	24	29	1.48E-08	1.48E-08	1.48E-08	1.48E-08	1.48E-08	1.48E-08	1.48E-08	1.48E-08	1.48E-08	1.48E-08	1.48E-08	1.48E-08	1.48E-08	1.48E-08	1.48E-08	1.48E-08	1.48E-08	1.48E-08	1.48E-08	1.47E-08	1.47E-08	1.47E-08	1.47E-08	1.47E-08
cr54	54	24	30	3.69E-09	3.69E-09	3.69E-09	3.69E-09	3.69E-09	3.69E-09	3.70E-09	3.72E-09	3.74E-09	3.78E-09	3.82E-09	3.87E-09	3.93E-09	4.00E-09	4.07E-09	4.14E-09	4.23E-09	4.31E-09	4.40E-09	4.49E-09	4.58E-09	4.68E-09	4.78E-09	4.90E-09
mn55	55	25	30	1.08E-07	1.08E-07	1.08E-07	1.08E-07	1.08E-07	1.08E-07	1.08E-07	1.08E-07	1.08E-07	1.09E-07	1.09E-07	1.09E-07	1.10E-07	1.10E-07	1.10E-07	1.11E-07	1.11E-07	1.11E-07	1.12E-07	1.12E-07	1.12E-07	1.12E-07	1.13E-07	1.13E-07
fe54	54	26	28	7.25E-07	7.25E-07	7.25E-07	7.25E-07	7.25E-07	7.25E-07	7.25E-07	7.24E-07	7.24E-07	7.23E-07	7.22E-07	7.21E-07	7.19E-07	7.18E-07	7.17E-07	7.15E-07	7.13E-07	7.12E-07	7.10E-07	7.08E-07	7.06E-07	7.04E-07	7.03E-07	7.00E-07
fe55	55	26	29	0.00E+00	0.00E+00	0.00E+00	0.00E+00	0.00E+00	0.00E+00	0.00E+00	0.00E+00	0.00E+00	0.00E+00	0.00E+00	0.00E+00	0.00E+00	0.00E+00	0.00E+00	0.00E+00	0.00E+00	0.00E+00	6.14E-38	0.00E+00	7.39E-38	0.00E+00	0.00E+00	0.00E+00
fe56	56	26	30	1.14E-05	1.14E-05	1.14E-05	1.14E-05	1.14E-05	1.14E-05	1.14E-05	1.14E-05	1.14E-05	1.14E-05	1.14E-05	1.13E-05	1.13E-05	1.13E-05	1.13E-05	1.13E-05	1.13E-05	1.13E-05	1.13E-05	1.13E-05	1.12E-05	1.12E-05	1.12E-05	1.12E-05
fe57	57	26	31	2.63E-07	2.63E-07	2.63E-07	2.63E-07	2.63E-07	2.63E-07	2.63E-07	2.64E-07	2.65E-07	2.67E-07	2.69E-07	2.72E-07	2.76E-07	2.79E-07	2.83E-07	2.87E-07	2.92E-07	2.96E-07	3.01E-07	3.06E-07	3.10E-07	3.15E-07	3.20E-07	3.26E-07
fe58	58	26	32	3.50E-08	3.50E-08	3.50E-08	3.50E-08	3.50E-08	3.50E-08	3.52E-08	3.56E-08	3.64E-08	3.76E-08	3.92E-08	4.13E-08	4.39E-08	4.67E-08	4.99E-08	5.38E-08	5.78E-08	6.20E-08	6.68E-08	7.15E-08	7.66E-08	8.22E-08	8.79E-08	9.45E-08
fe59	59	26	33	0.00E+00	0.00E+00	0.00E+00	0.00E+00	0.00E+00	0.00E+00	0.00E+00	0.00E+00	0.00E+00	0.00E+00	0.00E+00	0.00E+00	0.00E+00	0.00E+00	0.00E+00	0.00E+00	0.00E+00	0.00E+00	0.00E+00	0.00E+00	0.00E+00	0.00E+00	0.00E+00	0.00E+00
fe60	60	26	34	0.00E+00	1.39E-34	1.38E-34	1.35E-34	1.32E-34	3.64E-16	1.06E-13	3.18E-13	9.25E-13	2.64E-12	6.22E-12	1.33E-11	2.60E-11	4.31E-11	6.62E-11	1.01E-10	1.43E-10	1.88E-10	2.55E-10	3.25E-10	4.06E-10	5.10E-10	6.18E-10	7.37E-10
co59	59	27	32	2.65E-08	2.65E-08	2.65E-08	2.65E-08	2.65E-08	2.65E-08	2.66E-08	2.66E-08	2.68E-08	2.71E-08	2.74E-08	2.79E-08	2.84E-08	2.90E-08	2.96E-08	3.03E-08	3.11E-08	3.19E-08	3.29E-08	3.38E-08	3.48E-08	3.59E-08	3.70E-08	3.82E-08
co60	60	27	33	0.00E+00	0.00E+00	0.00E+00	0.00E+00	0.00E+00	7.34E-22	2.13E-19	6.40E-19	1.86E-18	5.31E-18	1.25E-17	2.67E-17	5.24E-17	8.69E-17	1.33E-16	2.03E-16	2.88E-16	3.80E-16	5.13E-16	6.54E-16	8.19E-16	1.03E-15	1.24E-15	1.49E-15
ni58	58	28	30	3.86E-07	3.86E-07	3.86E-07	3.86E-07	3.86E-07	3.86E-07	3.86E-07	3.86E-07	3.85E-07	3.85E-07	3.84E-07	3.84E-07	3.83E-07	3.82E-07	3.81E-07	3.80E-07	3.80E-07	3.79E-07	3.78E-07	3.77E-07	3.76E-07	3.75E-07	3.74E-07	3.72E-07
ni59	59	28	31	0.00E+00	1.29E-21	8.10E-22	4.75E-22	2.72E-22	2.26E-12	2.01E-11	4.51E-11	7.94E-11	1.18E-10	1.56E-10	1.91E-10	2.20E-10	2.41E-10	2.58E-10	2.74E-10	2.90E-10	3.04E-10	3.08E-10	3.12E-10	3.17E-10	3.19E-10	3.36E-10	3.77E-10
ni60	60	28	32	1.49E-07	1.49E-07	1.49E-07	1.49E-07	1.49E-07	1.49E-07	1.49E-07	1.49E-07	1.49E-07	1.49E-07	1.49E-07	1.49E-07	1.49E-07	1.49E-07	1.50E-07	1.50E-07	1.50E-07	1.50E-07	1.51E-07	1.51E-07	1.51E-07	1.52E-07	1.52E-07	1.52E-07
ni61	61	28	33	6.46E-09	6.46E-09	6.46E-09	6.46E-09	6.46E-09	6.46E-09	6.48E-09	6.53E-09	6.61E-09	6.72E-09	6.86E-09	7.02E-09	7.21E-09	7.40E-09	7.62E-09	7.86E-09	8.11E-09	8.36E-09	8.63E-09	8.90E-09	9.19E-09	9.50E-09	9.81E-09	1.02E-08
ni62	62	28	34	2.06E-08	2.06E-08	2.06E-08	2.06E-08	2.06E-08	2.06E-08	2.06E-08	2.07E-08	2.08E-08	2.09E-08	2.10E-08	2.12E-08	2.14E-08	2.17E-08	2.20E-08	2.23E-08	2.26E-08	2.29E-08	2.33E-08	2.37E-08	2.42E-08	2.46E-08	2.51E-08	2.57E-08
ni63	63	28	35	0.00E+00	0.00E+00	0.00E+00	0.00E+00	0.00E+00	0.00E+00	0.00E+00	0.00E+00	0.00E+00	0.00E+00	0.00E+00	0.00E+00	0.00E+00	0.00E+00	0.00E+00	0.00E+00	0.00E+00	0.00E+00	6.33E-37	0.00E+00	7.98E-37	0.00E+00	0.00E+00	0.00E+00
ni64	64	28	36	5.25E-09	5.25E-09	5.25E-09	5.25E-09	5.25E-09	5.25E-09	5.28E-09	5.37E-09	5.51E-09	5.70E-09	5.92E-09	6.14E-09	6.38E-09	6.61E-09	6.86E-09	7.12E-09	7.40E-09	7.68E-09	7.98E-09	8.28E-09	8.60E-09	8.95E-09	9.31E-09	9.75E-09
cu63	63	29	34	4.40E-09	4.40E-09	4.40E-09	4.40E-09	4.40E-09	4.40E-09	4.41E-09	4.43E-09	4.46E-09	4.50E-09	4.55E-09	4.61E-09	4.68E-09	4.75E-09	4.84E-09	4.94E-09	5.05E-09	5.16E-09	5.29E-09	5.42E-09	5.57E-09	5.74E-09	5.91E-09	6.12E-09
cu64	64	29	35	0.00E+00	0.00E+00	0.00E+00	0.00E+00	0.00E+00	0.00E+00	0.00E+00	0.00E+00	0.00E+00	0.00E+00	0.00E+00	0.00E+00	0.00E+00	0.00E+00	0.00E+00	0.00E+00	0.00E+00	0.00E+00	0.00E+00	0.00E+00	0.00E+00	0.00E+00	0.00E+00	0.00E+00
cu65	65	29	36	1.96E-09	1.96E-09	1.96E-09	1.96E-09	1.96E-09	1.96E-09	1.98E-09	2.04E-09	2.13E-09	2.25E-09	2.38E-09	2.51E-09	2.66E-09	2.80E-09	2.95E-09	3.10E-09	3.26E-09	3.42E-09	3.58E-09	3.73E-09	3.89E-09	4.06E-09	4.23E-09	4.44E-09
zn64	64	30	34	7.42E-09	7.42E-09	7.42E-09	7.42E-09	7.42E-09	7.42E-09	7.42E-09	7.44E-09	7.46E-09	7.48E-09	7.51E-09	7.54E-09	7.57E-09	7.60E-09	7.63E-09	7.66E-09	7.69E-09	7.72E-09	7.74E-09	7.77E-09	7.79E-09	7.81E-09	7.84E-09	7.87E-09
zn65	65	30	35	0.00E+00	0.00E+00	0.00E+00	0.00E+00	0.00E+00	0.00E+00	0.00E+00	0.00E+00	0.00E+00	0.00E+00	0.00E+00	0.00E+00	0.00E+00	0.00E+00	0.00E+00	0.00E+00	0.00E+00	0.00E+00	0.00E+00	0.00E+00	0.00E+00	0.00E+00	0.00E+00	0.00E+00
zn66	66	30	36	4.26E-09	4.26E-09	4.26E-09	4.26E-09	4.26E-09	4.26E-09	4.27E-09	4.32E-09	4.39E-09	4.49E-09	4.60E-09	4.72E-09	4.84E-09	4.97E-09	5.11E-09	5.24E-09	5.39E-09	5.53E-09	5.68E-09	5.82E-09	5.97E-09	6.12E-09	6.28E-09	6.47E-09
zn67	67	30	37	6.26E-10	6.26E-10	6.26E-10	6.26E-10	6.26E-10	6.26E-10	6.29E-10	6.39E-10	6.56E-10	6.78E-10	7.03E-10	7.30E-10	7.58E-10	7.87E-10	8.17E-10	8.49E-10	8.82E-10	9.15E-10	9.48E-10	9.80E-10	1.01E-09	1.05E-09	1.09E-09	1.13E-09
zn68	68	30	38	2.86E-09	2.86E-09	2.86E-09	2.86E-09	2.86E-09	2.86E-09	2.88E-09	2.94E-09	3.04E-09	3.17E-09	3.32E-09	3.48E-09	3.66E-09	3.83E-09	4.02E-09	4.22E-09	4.42E-09	4.63E-09	4.84E-09	5.05E-09	5.26E-09	5.49E-09	5.73E-09	6.01E-09
zn69	69	30	39	0.00E+00	0.00E+00	0.00E+00	0.00E+00	0.00E+00	0.00E+00	0.00E+00	0.00E+00	0.00E+00	0.00E+00	0.00E+00	0.00E+00	0.00E+00	0.00E+00	0.00E+00	0.00E+00	0.00E+00	0.00E+00	0.00E+00	0.00E+00	0.00E+00	0.00E+00	0.00E+00	0.00E+00
zn70	70	30	40	9.46E-11	9.46E-11	9.46E-11	9.46E-11	9.46E-11	9.46E-11	9.47E-11	9.49E-11	9.52E-11	9.57E-11	9.62E-11	9.68E-11	9.73E-11	9.78E-11	9.83E-11	9.87E-11	9.91E-11	9.96E-11	1.00E-10	1.00E-10	1.01E-10	1.01E-10	1.02E-10	1.02E-10
ga69	69	31	38	2.58E-10	2.58E-10	2.58E-10	2.58E-10	2.58E-10	2.58E-10	2.62E-10	2.73E-10	2.90E-10	3.11E-10	3.35E-10	3.61E-10	3.87E-10	4.14E-10	4.42E-10	4.71E-10	5.01E-10	5.31E-10	5.61E-10	5.91E-10	6.22E-10	6.55E-10	6.88E-10	7.29E-10
ga70	70	31	39	0.00E+00	0.00E+00	0.00E+00	0.00E+00	0.00E+00	0.00E+00	0.00E+00	0.00E+00	0.00E+00	0.00E+00	0.00E+00	0.00E+00	0.00E+00	0.00E+00	0.00E+00	0.00E+00	0.00E+00	0.00E+00	0.00E+00	0.00E+00	0.00E+00	0.00E+00	0.00E+00	0.00E+00
ga71	71	31	40	1.72E-10	1.72E-10	1.72E-10	1.72E-10	1.72E-10	1.72E-10	1.76E-10	1.88E-10	2.06E-10	2.30E-10	2.55E-10	2.81E-10	3.07E-10	3.31E-10	3.56E-10	3.81E-10	4.05E-10	4.30E-10	4.53E-10	4.75E-10	4.98E-10	5.22E-10	5.46E-10	5.76E-10
ge70	70	32	38	2.83E-10	2.83E-10	2.83E-10	2.83E-10	2.83E-10	2.83E-10	2.90E-10	3.10E-10	3.42E-10	3.81E-10	4.26E-10	4.72E-10	5.21E-10	5.69E-10	6.19E-10	6.69E-10	7.21E-10	7.73E-10	8.24E-10	8.74E-10	9.26E-10	9.79E-10	1.03E-09	1.10E-09
ge71	71	32	39	0.00E+00	0.00E+00	0.00E+00	0.00E+00	0.00E+00	0.00E+00	0.00E+00	0.00E+00	0.00E+00	0.00E+00	0.00E+00	0.00E+00	0.00E+00	0.00E+00	0.00E+00	0.00E+00	0.00E+00	0.00E+00	0.00E+00	0.00E+00	0.00E+00	0.00E+00	0.00E+00	0.00E+00
ge72	72	32	40	3.74E-10	3.75E-10	3.75E-10	3.75E-10	3.75E-10	3.74E-10	3.82E-10	4.04E-10	4.39E-10	4.86E-10	5.40E-10	5.97E-10	6.59E-10	7.19E-10	7.83E-10	8.46E-10	9.12E-10	9.77E-10	1.04E-09	1.10E-09	1.17E-09	1.23E-09	1.30E-09	1.38E-09
ge73	73	32	41	1.05E-10	1.05E-10	1.05E-10	1.05E-10	1.05E-10	1.05E-10	1.07E-10	1.13E-10	1.23E-10	1.36E-10	1.52E-10	1.69E-10	1.87E-10	2.05E-10	2.24E-10	2.44E-10	2.64E-10	2.84E-10	3.04E-10	3.23E-10	3.43E-10	3.63E-10	3.84E-10	4.09E-10
ge74	74	32	42	4.93E-10	4.93E-10	4.93E-10	4.93E-10	4.93E-10	4.93E-10	5.08E-10	5.49E-10	6.16E-10	7.05E-10	8.07E-10	9.17E-10	1.04E-09	1.15E-09	1.28E-09	1.40E-09	1.53E-09	1.66E-09	1.79E-09	1.91E-09	2.05E-09	2.18E-09	2.32E-09	2.49E-09
as75	75	33	42	7.14E-11	7.14E-11	7.14E-11	7.14E-11	7.14E-11	7.14E-11	7.29E-11	7.71E-11	8.41E-11	9.33E-11	1.04E-10	1.15E-10	1.28E-10	1.40E-10	1.53E-10	1.65E-10	1.79E-10	1.92E-10	2.06E-10	2.19E-10	2.32E-10	2.46E-10	2.61E-10	2.78E-10
se76	76	34	42	7.33E-11	7.33E-11	7.33E-11	7.33E-11	7.33E-11	7.33E-11	7.67E-11	8.63E-11	1.01E-10	1.21E-10	1.44E-10	1.68E-10	1.94E-10	2.20E-10	2.47E-10	2.74E-10	3.02E-10	3.30E-10	3.58E-10	3.84E-10	4.13E-10	4.41E-10	4.71E-10	5.08E-10
se77	77	34	43	5.97E-11	5.97E-11	5.97E-11	5.97E-11	5.97E-11	5.97E-11	6.11E-11	6.49E-11	7.09E-11	7.88E-11	8.79E-11	9.74E-11	1.08E-10	1.18E-10	1.28E-10	1.39E-10	1.50E-10	1.61E-10	1.72E-10	1.82E-10	1.93E-10	2.04E-10	2.16E-10	2.30E-10
se78	78	34	44	1.86E-10	1.86E-10	1.86E-10	1.86E-10	1.86E-10	1.86E-10	1.97E-10	2.26E-10	2.75E-10	3.38E-10	4.11E-10	4.88E-10	5.70E-10	6.50E-10	7.34E-10	8.18E-10	9.05E-10	9.91E-10	1.08E-09	1.16E-09	1.24E-09	1.33E-09	1.42E-09	1.53E-09
se79	79	34	45	0.00E+00	4.45E-24	3.98E-24	3.45E-24	2.96E-24	1.34E-15	1.36E-12	4.04E-12	8.72E-12	1.51E-11	2.21E-11	2.92E-11	3.63E-11	4.24E-11	4.84E-11	5.39E-11	5.93E-11	6.42E-11	6.88E-11	7.28E-11	7.69E-11	8.12E-11	8.63E-11	9.50E-11
se80	80	34	46	3.88E-10	3.88E-10	3.88E-10	3.88E-10	3.88E-10	3.88E-10	3.99E-10	4.26E-10	4.69E-10	5.27E-10	5.95E-10	6.69E-10	7.50E-10	8.31E-10	9.17E-10	1.00E-09	1.10E-09	1.19E-09	1.28E-09	1.37E-09	1.47E-09	1.56E-09	1.67E-09	1.79E-09
br79	79	35	44	6.29E-11	6.29E-11	6.29E-11	6.29E-11	6.29E-11	6.29E-11	6.33E-11	6.50E-11	6.79E-11	7.24E-11	7.86E-11	8.60E-11	9.48E-11	1.04E-10	1.15E-10	1.26E-10	1.38E-10	1.51E-10	1.63E-10	1.76E-10	1.89E-10	2.02E-10	2.15E-10	2.28E-10
br80	80	35	45	0.00E+00	0.00E+00	0.00E+00	0.00E+00	0.00E+00	0.00E+00	0.00E+00	0.00E+00	0.00E+00	0.00E+00	0.00E+00	0.00E+00	0.00E+00	0.00E+00	0.00E+00	0.00E+00	0.00E+00	0.00E+00	0.00E+00	0.00E+00	0.00E+00	0.00E+00	0.00E+00	0.00E+00
br81	81	35	46	6.12E-11	6.12E-11	6.12E-11	6.12E-11	6.12E-11	6.12E-11	6.34E-11	6.94E-11	7.92E-11	9.20E-11	1.07E-10	1.23E-10	1.40E-10	1.57E-10	1.75E-10	1.94E-10	2.12E-10	2.31E-10	2.50E-10	2.68E-10	2.88E-10	3.07E-10	3.28E-10	3.52E-10
kr80	80	36	44	1.48E-11	1.48E-11	1.48E-11	1.48E-11	1.48E-11	1.48E-11	1.52E-11	1.76E-11	2.10E-11	2.43E-11	2.75E-11	2.97E-11	3.14E-11	3.30E-11	3.43E-11	3.53E-11	3.63E-11	3.72E-11	3.79E-11	3.87E-11	3.94E-11	4.01E-11	4.08E-11	4.17E-11
kr81	81	36	45	0.00E+00	2.87E-24	2.48E-24	2.06E-24	1.70E-24	1.74E-15	1.51E-13	1.00E-12	2.33E-12	3.49E-12	4.36E-12	4.63E-12	4.61E-12	4.50E-12	4.29E-12	3.90E-12	3.60E-12	3.36E-12	3.03E-12	2.78E-12	2.56E-12	2.36E-12	2.23E-12	2.19E-12
kr82	82	36	46	7.41E-11	7.41E-11	7.41E-11	7.41E-11	7.41E-11	7.41E-11	8.19E-11	1.03E-10	1.40E-10	1.88E-10	2.42E-10	2.98E-10	3.55E-10	4.10E-10	4.67E-10	5.21E-10	5.77E-10	6.32E-10	6.84E-10	7.34E-10	7.85E-10	8.36E-10	8.90E-10	9.55E-10
kr83	83	36	47	7.34E-11	7.34E-11	7.34E-11	7.34E-11	7.34E-11	7.34E-11	7.57E-11	8.19E-11	9.33E-11	1.09E-10	1.28E-10	1.47E-10	1.68E-10	1.88E-10	2.09E-10	2.29E-10	2.49E-10	2.70E-10	2.89E-10	3.08E-10	3.27E-10	3.46E-10	3.66E-10	3.90E-10
kr84	84	36	48	3.62E-10	3.62E-10	3.62E-10	3.62E-10	3.62E-10	3.62E-10	3.77E-10	4.19E-10	4.91E-10	5.89E-10	7.05E-10	8.30E-10	9.64E-10	1.10E-09	1.23E-09	1.37E-09	1.52E-09	1.66E-09	1.80E-09	1.94E-09	2.08E-09	2.23E-09	2.38E-09	2.56E-09
kr-5	85	36	49	0.00E+00	0.00E+00	0.00E+00	0.00E+00	0.00E+00	0.00E+00	0.00E+00	0.00E+00	0.00E+00	0.00E+00	0.00E+00	0.00E+00	0.00E+00	0.00E+00	0.00E+00	0.00E+00	0.00E+00	0.00E+00	0.00E+00	0.00E+00	0.00E+00	0.00E+00	0.00E+00	0.00E+00
kr*5	85	36	49	0.00E+00	0.00E+00	0.00E+00	0.00E+00	0.00E+00	0.00E+00	0.00E+00	0.00E+00	0.00E+00	0.00E+00	0.00E+00	0.00E+00	0.00E+00	0.00E+00	0.00E+00	0.00E+00	0.00E+00	0.00E+00	0.00E+00	0.00E+00	0.00E+00	0.00E+00	0.00E+00	0.00E+00
kr86	86	36	50	1.09E-10	1.09E-10	1.09E-10	1.09E-10	1.09E-10	1.09E-10	1.17E-10	1.39E-10	1.75E-10	2.19E-10	2.67E-10	3.12E-10	3.59E-10	4.06E-10	4.59E-10	5.23E-10	6.00E-10	6.94E-10	8.07E-10	9.39E-10	1.10E-09	1.28E-09	1.49E-09	1.75E-09
rb85	85	37	48	5.80E-11	5.81E-11	5.81E-11	5.81E-11	5.81E-11	5.81E-11	6.08E-11	6.76E-11	8.02E-11	9.87E-11	1.22E-10	1.48E-10	1.79E-10	2.10E-10	2.43E-10	2.80E-10	3.17E-10	3.55E-10	3.96E-10	4.35E-10	4.77E-10	5.21E-10	5.66E-10	6.21E-10
rb86	86	37	49	0.00E+00	0.00E+00	0.00E+00	0.00E+00	0.00E+00	0.00E+00	0.00E+00	0.00E+00	0.00E+00	0.00E+00	0.00E+00	0.00E+00	0.00E+00	0.00E+00	0.00E+00	0.00E+00	0.00E+00	0.00E+00	0.00E+00	0.00E+00	0.00E+00	0.00E+00	0.00E+00	0.00E+00
rb87	87	37	50	2.55E-11	2.53E-11	2.53E-11	2.53E-11	2.53E-11	2.53E-11	2.57E-11	2.66E-11	2.85E-11	3.18E-11	3.68E-11	4.41E-11	5.44E-11	6.65E-11	8.11E-11	9.93E-11	1.20E-10	1.43E-10	1.70E-10	1.99E-10	2.31E-10	2.68E-10	3.07E-10	3.54E-10
sr86	86	38	48	2.68E-11	2.68E-11	2.68E-11	2.68E-11	2.68E-11	2.68E-11	3.27E-11	4.91E-11	7.72E-11	1.14E-10	1.55E-10	1.96E-10	2.38E-10	2.78E-10	3.18E-10	3.55E-10	3.93E-10	4.31E-10	4.65E-10	4.98E-10	5.32E-10	5.64E-10	5.98E-10	6.40E-10
sr87	87	38	49	1.71E-11	1.73E-11	1.73E-11	1.73E-11	1.73E-11	1.73E-11	2.11E-11	3.16E-11	5.01E-11	7.46E-11	1.03E-10	1.31E-10	1.61E-10	1.89E-10	2.17E-10	2.44E-10	2.71E-10	2.97E-10	3.21E-10	3.44E-10	3.68E-10	3.90E-10	4.13E-10	4.42E-10
sr88	88	38	50	2.24E-10	2.24E-10	2.24E-10	2.24E-10	2.24E-10	2.24E-10	2.92E-10	4.81E-10	8.12E-10	1.26E-09	1.79E-09	2.33E-09	2.90E-09	3.45E-09	4.03E-09	4.60E-09	5.18E-09	5.76E-09	6.32E-09	6.85E-09	7.40E-09	7.96E-09	8.53E-09	9.21E-09
sr89	89	38	51	0.00E+00	0.00E+00	0.00E+00	0.00E+00	0.00E+00	0.00E+00	0.00E+00	0.00E+00	0.00E+00	0.00E+00	0.00E+00	0.00E+00	0.00E+00	0.00E+00	0.00E+00	0.00E+00	0.00E+00	0.00E+00	0.00E+00	0.00E+00	0.00E+00	0.00E+00	0.00E+00	0.00E+00
sr90	90	38	52	0.00E+00	0.00E+00	0.00E+00	0.00E+00	0.00E+00	0.00E+00	0.00E+00	0.00E+00	0.00E+00	0.00E+00	0.00E+00	0.00E+00	0.00E+00	0.00E+00	0.00E+00	0.00E+00	0.00E+00	0.00E+00	0.00E+00	0.00E+00	0.00E+00	0.00E+00	0.00E+00	0.00E+00
y89	89	39	50	5.29E-11	5.29E-11	5.29E-11	5.29E-11	5.29E-11	5.29E-11	7.31E-11	1.30E-10	2.29E-10	3.66E-10	5.26E-10	6.93E-10	8.68E-10	1.04E-09	1.22E-09	1.39E-09	1.58E-09	1.75E-09	1.93E-09	2.10E-09	2.28E-09	2.46E-09	2.64E-09	2.86E-09
y90	90	39	51	0.00E+00	0.00E+00	0.00E+00	0.00E+00	0.00E+00	0.00E+00	0.00E+00	0.00E+00	0.00E+00	0.00E+00	0.00E+00	0.00E+00	0.00E+00	0.00E+00	0.00E+00	0.00E+00	0.00E+00	0.00E+00	0.00E+00	0.00E+00	0.00E+00	0.00E+00	0.00E+00	0.00E+00
y91	91	39	52	0.00E+00	0.00E+00	0.00E+00	0.00E+00	0.00E+00	0.00E+00	0.00E+00	0.00E+00	0.00E+00	0.00E+00	0.00E+00	0.00E+00	0.00E+00	0.00E+00	0.00E+00	0.00E+00	0.00E+00	0.00E+00	0.00E+00	0.00E+00	0.00E+00	0.00E+00	0.00E+00	0.00E+00
zr90	90	40	50	6.24E-11	6.24E-11	6.24E-11	6.24E-11	6.24E-11	6.24E-11	8.49E-11	1.49E-10	2.59E-10	4.08E-10	5.83E-10	7.59E-10	9.41E-10	1.11E-09	1.30E-09	1.47E-09	1.65E-09	1.83E-09	2.00E-09	2.16E-09	2.33E-09	2.50E-09	2.67E-09	2.88E-09
zr91	91	40	51	1.36E-11	1.36E-11	1.36E-11	1.36E-11	1.36E-11	1.36E-11	1.87E-11	3.34E-11	5.94E-11	9.60E-11	1.40E-10	1.85E-10	2.34E-10	2.81E-10	3.30E-10	3.80E-10	4.31E-10	4.82E-10	5.32E-10	5.81E-10	6.31E-10	6.81E-10	7.33E-10	7.95E-10
zr92	92	40	52	2.08E-11	2.08E-11	2.08E-11	2.08E-11	2.08E-11	2.08E-11	2.92E-11	5.33E-11	9.44E-11	1.52E-10	2.19E-10	2.89E-10	3.62E-10	4.33E-10	5.08E-10	5.84E-10	6.62E-10	7.39E-10	8.16E-10	8.91E-10	9.69E-10	1.05E-09	1.13E-09	1.23E-09
zr93	93	40	53	0.00E+00	8.31E-25	8.19E-25	7.92E-25	7.63E-25	3.33E-16	2.87E-12	1.09E-11	2.44E-11	4.28E-11	6.43E-11	8.58E-11	1.08E-10	1.29E-10	1.50E-10	1.72E-10	1.93E-10	2.14E-10	2.35E-10	2.55E-10	2.75E-10	2.96E-10	3.18E-10	3.45E-10
zr94	94	40	54	2.11E-11	2.11E-11	2.11E-11	2.11E-11	2.11E-11	2.11E-11	3.39E-11	7.07E-11	1.32E-10	2.15E-10	3.11E-10	4.06E-10	5.03E-10	5.96E-10	6.93E-10	7.88E-10	8.84E-10	9.79E-10	1.07E-09	1.16E-09	1.25E-09	1.35E-09	1.44E-09	1.56E-09
zr95	95	40	55	0.00E+00	0.00E+00	0.00E+00	0.00E+00	0.00E+00	0.00E+00	0.00E+00	0.00E+00	0.00E+00	0.00E+00	0.00E+00	0.00E+00	0.00E+00	0.00E+00	0.00E+00	0.00E+00	0.00E+00	0.00E+00	0.00E+00	0.00E+00	0.00E+00	0.00E+00	0.00E+00	0.00E+00
zr96	96	40	56	3.39E-12	3.39E-12	3.39E-12	3.39E-12	3.39E-12	3.39E-12	3.46E-12	3.59E-12	3.90E-12	4.69E-12	6.11E-12	8.43E-12	1.19E-11	1.59E-11	2.10E-11	2.76E-11	3.49E-11	4.26E-11	5.25E-11	6.24E-11	7.36E-11	8.67E-11	9.99E-11	1.15E-10
nb93	93	41	52	9.19E-12	9.19E-12	9.19E-12	9.19E-12	9.19E-12	9.19E-12	9.27E-12	9.63E-12	1.04E-11	1.19E-11	1.40E-11	1.67E-11	2.01E-11	2.40E-11	2.86E-11	3.36E-11	3.92E-11	4.51E-11	5.13E-11	5.78E-11	6.47E-11	7.19E-11	7.90E-11	8.61E-11
nb94	94	41	53	0.00E+00	5.91E-30	1.02E-30	1.43E-31	2.32E-30	8.38E-20	9.29E-19	1.75E-17	3.00E-17	3.33E-17	3.97E-17	3.31E-17	3.58E-17	2.84E-17	2.66E-17	2.00E-17	2.06E-17	2.71E-17	1.57E-17	1.65E-17	2.05E-17	1.17E-17	1.20E-17	2.79E-17
nb95	95	41	54	0.00E+00	0.00E+00	0.00E+00	0.00E+00	0.00E+00	0.00E+00	0.00E+00	0.00E+00	0.00E+00	0.00E+00	0.00E+00	0.00E+00	0.00E+00	0.00E+00	0.00E+00	0.00E+00	0.00E+00	0.00E+00	0.00E+00	0.00E+00	0.00E+00	0.00E+00	0.00E+00	0.00E+00
mo94	94	42	52	2.85E-12	2.85E-12	2.85E-12	2.85E-12	2.85E-12	2.85E-12	2.86E-12	2.93E-12	3.14E-12	3.41E-12	3.70E-12	3.92E-12	4.10E-12	4.24E-12	4.37E-12	4.44E-12	4.52E-12	4.59E-12	4.63E-12	4.66E-12	4.69E-12	4.71E-12	4.73E-12	4.77E-12
mo95	95	42	53	4.93E-12	4.93E-12	4.93E-12	4.93E-12	4.93E-12	4.93E-12	6.27E-12	1.01E-11	1.69E-11	2.69E-11	3.95E-11	5.30E-11	6.79E-11	8.30E-11	9.92E-11	1.16E-10	1.34E-10	1.51E-10	1.69E-10	1.87E-10	2.05E-10	2.23E-10	2.42E-10	2.63E-10
mo96	96	42	54	5.19E-12	5.19E-12	5.19E-12	5.19E-12	5.19E-12	5.19E-12	7.98E-12	1.61E-11	2.98E-11	4.88E-11	7.08E-11	9.30E-11	1.16E-10	1.38E-10	1.61E-10	1.84E-10	2.08E-10	2.31E-10	2.55E-10	2.78E-10	3.02E-10	3.28E-10	3.54E-10	3.85E-10
mo97	97	42	55	2.99E-12	2.99E-12	2.99E-12	2.99E-12	2.99E-12	2.99E-12	3.92E-12	6.63E-12	1.11E-11	1.72E-11	2.41E-11	3.09E-11	3.77E-11	4.39E-11	5.05E-11	5.70E-11	6.34E-11	6.96E-11	7.61E-11	8.22E-11	8.86E-11	9.54E-11	1.02E-10	1.11E-10
mo98	98	42	56	7.60E-12	7.60E-12	7.60E-12	7.60E-12	7.60E-12	7.60E-12	1.11E-11	2.11E-11	3.78E-11	6.03E-11	8.62E-11	1.11E-10	1.36E-10	1.59E-10	1.83E-10	2.06E-10	2.28E-10	2.50E-10	2.70E-10	2.89E-10	3.08E-10	3.28E-10	3.47E-10	3.72E-10
tc99	99	43	56	0.00E+00	4.35E-25	3.71E-25	3.04E-25	2.47E-25	8.61E-17	3.54E-13	1.27E-12	2.65E-12	4.32E-12	5.96E-12	7.20E-12	8.21E-12	8.93E-12	9.55E-12	9.98E-12	1.04E-11	1.07E-11	1.09E-11	1.11E-11	1.13E-11	1.14E-11	1.18E-11	1.27E-11
ru99	99	44	55	2.63E-12	2.63E-12	2.63E-12	2.63E-12	2.63E-12	2.63E-12	2.72E-12	3.10E-12	3.85E-12	5.04E-12	6.69E-12	8.62E-12	1.08E-11	1.30E-11	1.54E-11	1.78E-11	2.02E-11	2.26E-11	2.50E-11	2.72E-11	2.95E-11	3.17E-11	3.37E-11	3.58E-11
ru100	100	44	56	2.59E-12	2.59E-12	2.59E-12	2.59E-12	2.59E-12	2.59E-12	4.32E-12	9.31E-12	1.75E-11	2.86E-11	4.15E-11	5.39E-11	6.64E-11	7.81E-11	9.01E-11	1.01E-10	1.13E-10	1.24E-10	1.34E-10	1.44E-10	1.53E-10	1.63E-10	1.73E-10	1.85E-10
ru101	101	44	57	3.51E-12	3.51E-12	3.51E-12	3.51E-12	3.51E-12	3.51E-12	3.88E-12	4.95E-12	6.70E-12	9.07E-12	1.18E-11	1.45E-11	1.71E-11	1.96E-11	2.22E-11	2.46E-11	2.70E-11	2.94E-11	3.16E-11	3.37E-11	3.58E-11	3.78E-11	3.99E-11	4.24E-11
ru102	102	44	58	6.49E-12	6.49E-12	6.49E-12	6.49E-12	6.49E-12	6.49E-12	8.81E-12	1.55E-11	2.66E-11	4.18E-11	5.94E-11	7.67E-11	9.43E-11	1.11E-10	1.28E-10	1.44E-10	1.61E-10	1.77E-10	1.92E-10	2.06E-10	2.21E-10	2.35E-10	2.50E-10	2.68E-10
rh103	103	45	58	4.11E-12	4.11E-12	4.11E-12	4.11E-12	4.11E-12	4.11E-12	4.49E-12	5.58E-12	7.39E-12	9.87E-12	1.27E-11	1.56E-11	1.84E-11	2.11E-11	2.39E-11	2.66E-11	2.93E-11	3.19E-11	3.43E-11	3.67E-11	3.91E-11	4.15E-11	4.39E-11	4.68E-11
pd104	104	46	58	1.78E-12	1.78E-12	1.78E-12	1.78E-12	1.78E-12	1.78E-12	3.07E-12	6.75E-12	1.28E-11	2.10E-11	3.06E-11	3.99E-11	4.94E-11	5.83E-11	6.76E-11	7.67E-11	8.57E-11	9.45E-11	1.03E-10	1.11E-10	1.19E-10	1.27E-10	1.35E-10	1.45E-10
pd105	105	46	59	3.57E-12	3.57E-12	3.57E-12	3.57E-12	3.57E-12	3.57E-12	3.89E-12	4.82E-12	6.33E-12	8.38E-12	1.08E-11	1.31E-11	1.54E-11	1.77E-11	2.00E-11	2.22E-11	2.44E-11	2.66E-11	2.87E-11	3.07E-11	3.28E-11	3.48E-11	3.68E-11	3.93E-11
pd106	106	46	60	4.37E-12	4.37E-12	4.37E-12	4.37E-12	4.37E-12	4.37E-12	5.84E-12	1.01E-11	1.71E-11	2.66E-11	3.76E-11	4.84E-11	5.93E-11	6.96E-11	8.03E-11	9.07E-11	1.01E-10	1.11E-10	1.21E-10	1.30E-10	1.40E-10	1.50E-10	1.59E-10	1.71E-10
pd107	107	46	61	0.00E+00	9.51E-25	9.54E-25	9.41E-25	9.26E-25	1.64E-16	2.88E-13	1.11E-12	2.46E-12	4.29E-12	6.40E-12	8.44E-12	1.05E-11	1.24E-11	1.44E-11	1.63E-11	1.82E-11	2.01E-11	2.19E-11	2.36E-11	2.53E-11	2.70E-11	2.87E-11	3.08E-11
pd108	108	46	62	4.23E-12	4.23E-12	4.23E-12	4.23E-12	4.23E-12	4.23E-12	6.07E-12	1.13E-11	2.01E-11	3.20E-11	4.59E-11	5.94E-11	7.33E-11	8.63E-11	9.98E-11	1.13E-10	1.26E-10	1.39E-10	1.52E-10	1.64E-10	1.76E-10	1.88E-10	2.00E-10	2.15E-10
ag107	107	47	60	2.94E-12	2.94E-12	2.94E-12	2.94E-12	2.94E-12	2.94E-12	2.94E-12	2.94E-12	2.95E-12	2.98E-12	3.02E-12	3.07E-12	3.14E-12	3.21E-12	3.31E-12	3.41E-12	3.52E-12	3.64E-12	3.76E-12	3.89E-12	4.03E-12	4.17E-12	4.31E-12	4.45E-12
ag108	108	47	61	0.00E+00	0.00E+00	0.00E+00	0.00E+00	0.00E+00	0.00E+00	0.00E+00	0.00E+00	0.00E+00	0.00E+00	0.00E+00	0.00E+00	0.00E+00	0.00E+00	0.00E+00	0.00E+00	0.00E+00	0.00E+00	0.00E+00	0.00E+00	0.00E+00	0.00E+00	0.00E+00	0.00E+00
ag109	109	47	62	2.73E-12	2.73E-12	2.73E-12	2.73E-12	2.73E-12	2.73E-12	3.19E-12	4.51E-12	6.67E-12	9.61E-12	1.30E-11	1.64E-11	1.98E-11	2.30E-11	2.63E-11	2.95E-11	3.28E-11	3.59E-11	3.90E-11	4.19E-11	4.49E-11	4.79E-11	5.09E-11	5.46E-11
cd108	108	48	60	1.63E-13	1.63E-13	1.63E-13	1.63E-13	1.63E-13	1.63E-13	1.64E-13	1.73E-13	1.88E-13	2.02E-13	2.15E-13	2.22E-13	2.28E-13	2.32E-13	2.35E-13	2.37E-13	2.38E-13	2.39E-13	2.40E-13	2.40E-13	2.40E-13	2.40E-13	2.39E-13	2.39E-13
cd109	109	48	61	0.00E+00	0.00E+00	0.00E+00	0.00E+00	0.00E+00	0.00E+00	0.00E+00	0.00E+00	0.00E+00	0.00E+00	0.00E+00	0.00E+00	0.00E+00	0.00E+00	0.00E+00	0.00E+00	0.00E+00	0.00E+00	0.00E+00	0.00E+00	0.00E+00	0.00E+00	0.00E+00	0.00E+00
cd110	110	48	62	2.29E-12	2.29E-12	2.29E-12	2.29E-12	2.29E-12	2.29E-12	3.79E-12	8.10E-12	1.52E-11	2.49E-11	3.62E-11	4.72E-11	5.84E-11	6.89E-11	8.00E-11	9.07E-11	1.01E-10	1.12E-10	1.22E-10	1.32E-10	1.42E-10	1.52E-10	1.62E-10	1.74E-10
cd111	111	48	63	2.35E-12	2.35E-12	2.35E-12	2.35E-12	2.35E-12	2.35E-12	2.84E-12	4.27E-12	6.62E-12	9.81E-12	1.35E-11	1.71E-11	2.08E-11	2.43E-11	2.79E-11	3.14E-11	3.49E-11	3.84E-11	4.17E-11	4.49E-11	4.82E-11	5.15E-11	5.48E-11	5.87E-11
cd112	112	48	64	4.43E-12	4.43E-12	4.43E-12	4.43E-12	4.43E-12	4.43E-12	6.27E-12	1.16E-11	2.05E-11	3.26E-11	4.68E-11	6.06E-11	7.48E-11	8.81E-11	1.02E-10	1.16E-10	1.29E-10	1.43E-10	1.56E-10	1.68E-10	1.81E-10	1.94E-10	2.06E-10	2.22E-10
cd113	113	48	65	2.24E-12	2.24E-12	2.24E-12	2.24E-12	2.24E-12	2.24E-12	2.79E-12	4.36E-12	6.96E-12	1.05E-11	1.47E-11	1.87E-11	2.29E-11	2.68E-11	3.09E-11	3.49E-11	3.89E-11	4.28E-11	4.66E-11	5.02E-11	5.40E-11	5.77E-11	6.15E-11	6.60E-11
cd114	114	48	66	5.27E-12	5.27E-12	5.27E-12	5.27E-12	5.27E-12	5.27E-12	7.88E-12	1.54E-11	2.79E-11	4.50E-11	6.51E-11	8.48E-11	1.05E-10	1.24E-10	1.44E-10	1.64E-10	1.83E-10	2.03E-10	2.22E-10	2.40E-10	2.58E-10	2.77E-10	2.96E-10	3.18E-10
in115	115	49	66	1.97E-12	1.97E-12	1.97E-12	1.97E-12	1.97E-12	1.97E-12	2.50E-12	4.03E-12	6.55E-12	1.00E-11	1.40E-11	1.80E-11	2.21E-11	2.59E-11	2.99E-11	3.39E-11	3.79E-11	4.18E-11	4.56E-11	4.92E-11	5.30E-11	5.68E-11	6.06E-11	6.51E-11
sn116	116	50	66	6.11E-12	6.11E-12	6.11E-12	6.11E-12	6.11E-12	6.11E-12	9.97E-12	2.11E-11	3.93E-11	6.39E-11	9.26E-11	1.21E-10	1.49E-10	1.76E-10	2.04E-10	2.32E-10	2.60E-10	2.87E-10	3.13E-10	3.39E-10	3.65E-10	3.92E-10	4.19E-10	4.51E-10
sn117	117	50	67	3.23E-12	3.23E-12	3.23E-12	3.23E-12	3.23E-12	3.23E-12	4.39E-12	7.70E-12	1.31E-11	2.03E-11	2.87E-11	3.69E-11	4.52E-11	5.30E-11	6.11E-11	6.91E-11	7.72E-11	8.50E-11	9.27E-11	1.00E-10	1.08E-10	1.15E-10	1.23E-10	1.32E-10
sn118	118	50	68	9.76E-12	9.76E-12	9.76E-12	9.76E-12	9.76E-12	9.76E-12	1.52E-11	3.06E-11	5.62E-11	9.11E-11	1.32E-10	1.71E-10	2.11E-10	2.49E-10	2.89E-10	3.28E-10	3.67E-10	4.05E-10	4.43E-10	4.79E-10	5.16E-10	5.54E-10	5.92E-10	6.37E-10
sn119	119	50	69	3.61E-12	3.61E-12	3.61E-12	3.61E-12	3.61E-12	3.61E-12	5.30E-12	1.01E-11	1.80E-11	2.86E-11	4.10E-11	5.29E-11	6.52E-11	7.66E-11	8.86E-11	1.00E-10	1.12E-10	1.24E-10	1.35E-10	1.46E-10	1.58E-10	1.69E-10	1.81E-10	1.94E-10
sn120	120	50	70	1.37E-11	1.37E-11	1.37E-11	1.37E-11	1.37E-11	1.37E-11	2.23E-11	4.67E-11	8.70E-11	1.41E-10	2.04E-10	2.64E-10	3.26E-10	3.83E-10	4.43E-10	5.03E-10	5.62E-10	6.21E-10	6.78E-10	7.33E-10	7.91E-10	8.49E-10	9.07E-10	9.77E-10
sb121	121	51	70	2.09E-12	2.09E-12	2.09E-12	2.09E-12	2.09E-12	2.09E-12	2.82E-12	4.87E-12	8.21E-12	1.27E-11	1.78E-11	2.27E-11	2.77E-11	3.24E-11	3.73E-11	4.22E-11	4.70E-11	5.18E-11	5.65E-11	6.10E-11	6.57E-11	7.04E-11	7.52E-11	8.09E-11
te122	122	52	70	1.38E-12	1.38E-12	1.38E-12	1.38E-12	1.38E-12	1.38E-12	2.44E-12	5.46E-12	1.04E-11	1.69E-11	2.43E-11	3.14E-11	3.87E-11	4.54E-11	5.25E-11	5.94E-11	6.64E-11	7.32E-11	7.99E-11	8.63E-11	9.30E-11	9.98E-11	1.07E-10	1.15E-10
te123	123	52	71	4.82E-13	4.82E-13	4.82E-13	4.82E-13	4.82E-13	4.82E-13	8.96E-13	2.07E-12	3.97E-12	6.48E-12	9.36E-12	1.21E-11	1.49E-11	1.74E-11	2.02E-11	2.28E-11	2.55E-11	2.81E-11	3.06E-11	3.31E-11	3.57E-11	3.83E-11	4.09E-11	4.40E-11
te124	124	52	72	2.57E-12	2.57E-12	2.57E-12	2.57E-12	2.57E-12	2.57E-12	4.83E-12	1.12E-11	2.16E-11	3.53E-11	5.08E-11	6.55E-11	8.04E-11	9.41E-11	1.08E-10	1.23E-10	1.37E-10	1.50E-10	1.64E-10	1.77E-10	1.90E-10	2.03E-10	2.17E-10	2.33E-10
te125	125	52	73	3.83E-12	3.83E-12	3.83E-12	3.83E-12	3.83E-12	3.83E-12	4.59E-12	6.76E-12	1.02E-11	1.48E-11	2.00E-11	2.49E-11	2.98E-11	3.44E-11	3.91E-11	4.37E-11	4.84E-11	5.29E-11	5.73E-11	6.15E-11	6.59E-11	7.04E-11	7.49E-11	8.02E-11
te126	126	52	74	1.02E-11	1.02E-11	1.02E-11	1.02E-11	1.02E-11	1.02E-11	1.46E-11	2.70E-11	4.72E-11	7.37E-11	1.04E-10	1.32E-10	1.60E-10	1.86E-10	2.14E-10	2.40E-10	2.67E-10	2.92E-10	3.17E-10	3.41E-10	3.66E-10	3.91E-10	4.16E-10	4.46E-10
i127	127	53	74	1.27E-11	1.27E-11	1.27E-11	1.27E-11	1.27E-11	1.27E-11	1.33E-11	1.50E-11	1.78E-11	2.14E-11	2.55E-11	2.94E-11	3.33E-11	3.68E-11	4.06E-11	4.42E-11	4.78E-11	5.13E-11	5.47E-11	5.80E-11	6.14E-11	6.48E-11	6.82E-11	7.23E-11
i128	128	53	75	0.00E+00	0.00E+00	0.00E+00	0.00E+00	0.00E+00	0.00E+00	0.00E+00	0.00E+00	0.00E+00	0.00E+00	0.00E+00	0.00E+00	0.00E+00	0.00E+00	0.00E+00	0.00E+00	0.00E+00	0.00E+00	0.00E+00	0.00E+00	0.00E+00	0.00E+00	0.00E+00	0.00E+00
i129	129	53	76	0.00E+00	0.00E+00	0.00E+00	0.00E+00	0.00E+00	7.57E-21	2.32E-17	1.28E-16	4.42E-16	1.14E-15	2.31E-15	3.89E-15	5.86E-15	8.05E-15	1.04E-14	1.30E-14	1.60E-14	1.90E-14	2.19E-14	2.48E-14	2.78E-14	3.07E-14	3.38E-14	3.80E-14
xe128	128	54	74	1.36E-12	1.36E-12	1.36E-12	1.36E-12	1.36E-12	1.36E-12	2.76E-12	6.70E-12	1.31E-11	2.15E-11	3.11E-11	4.00E-11	4.89E-11	5.72E-11	6.58E-11	7.41E-11	8.24E-11	9.05E-11	9.84E-11	1.06E-10	1.14E-10	1.22E-10	1.30E-10	1.39E-10
xe129	129	54	75	1.69E-11	1.69E-11	1.69E-11	1.69E-11	1.69E-11	1.69E-11	1.75E-11	1.90E-11	2.15E-11	2.47E-11	2.84E-11	3.19E-11	3.53E-11	3.85E-11	4.18E-11	4.50E-11	4.82E-11	5.13E-11	5.43E-11	5.72E-11	6.02E-11	6.32E-11	6.62E-11	6.98E-11
xe130	130	54	76	2.72E-12	2.72E-12	2.72E-12	2.72E-12	2.72E-12	2.72E-12	5.45E-12	1.32E-11	2.58E-11	4.23E-11	6.10E-11	7.85E-11	9.61E-11	1.12E-10	1.29E-10	1.46E-10	1.62E-10	1.78E-10	1.93E-10	2.08E-10	2.24E-10	2.39E-10	2.55E-10	2.73E-10
xe131	131	54	77	1.35E-11	1.35E-11	1.35E-11	1.35E-11	1.35E-11	1.35E-11	1.45E-11	1.76E-11	2.26E-11	2.93E-11	3.68E-11	4.39E-11	5.10E-11	5.76E-11	6.45E-11	7.11E-11	7.78E-11	8.42E-11	9.05E-11	9.66E-11	1.03E-10	1.09E-10	1.15E-10	1.23E-10
xe132	132	54	78	1.65E-11	1.65E-11	1.65E-11	1.65E-11	1.65E-11	1.65E-11	2.29E-11	4.12E-11	7.10E-11	1.10E-10	1.53E-10	1.94E-10	2.34E-10	2.72E-10	3.11E-10	3.49E-10	3.87E-10	4.23E-10	4.59E-10	4.94E-10	5.30E-10	5.67E-10	6.03E-10	6.47E-10
xe133	133	54	79	0.00E+00	0.00E+00	0.00E+00	0.00E+00	0.00E+00	0.00E+00	0.00E+00	0.00E+00	0.00E+00	0.00E+00	0.00E+00	0.00E+00	0.00E+00	0.00E+00	0.00E+00	0.00E+00	0.00E+00	0.00E+00	0.00E+00	0.00E+00	0.00E+00	0.00E+00	0.00E+00	0.00E+00
xe134	134	54	80	6.08E-12	6.09E-12	6.09E-12	6.09E-12	6.09E-12	6.09E-12	6.22E-12	6.59E-12	7.19E-12	8.03E-12	9.14E-12	1.05E-11	1.23E-11	1.44E-11	1.69E-11	2.01E-11	2.37E-11	2.74E-11	3.20E-11	3.67E-11	4.19E-11	4.78E-11	5.37E-11	6.00E-11
cs133	133	55	78	4.30E-12	4.30E-12	4.30E-12	4.30E-12	4.30E-12	4.30E-12	5.03E-12	7.09E-12	1.05E-11	1.49E-11	1.99E-11	2.46E-11	2.94E-11	3.37E-11	3.83E-11	4.28E-11	4.72E-11	5.16E-11	5.58E-11	5.99E-11	6.41E-11	6.84E-11	7.27E-11	7.77E-11
cs134	134	55	79	0.00E+00	0.00E+00	0.00E+00	0.00E+00	0.00E+00	0.00E+00	0.00E+00	0.00E+00	0.00E+00	0.00E+00	0.00E+00	0.00E+00	0.00E+00	0.00E+00	0.00E+00	0.00E+00	0.00E+00	0.00E+00	0.00E+00	0.00E+00	0.00E+00	0.00E+00	0.00E+00	0.00E+00
cs135	135	55	80	0.00E+00	5.77E-26	5.73E-26	5.59E-26	5.44E-26	9.44E-17	7.25E-13	2.21E-12	5.62E-12	1.16E-11	1.92E-11	2.74E-11	3.62E-11	4.44E-11	5.32E-11	6.23E-11	7.13E-11	8.00E-11	8.89E-11	9.74E-11	1.06E-10	1.16E-10	1.25E-10	1.36E-10
cs136	136	55	81	0.00E+00	0.00E+00	0.00E+00	0.00E+00	0.00E+00	0.00E+00	0.00E+00	0.00E+00	0.00E+00	0.00E+00	0.00E+00	0.00E+00	0.00E+00	0.00E+00	0.00E+00	0.00E+00	0.00E+00	0.00E+00	0.00E+00	0.00E+00	0.00E+00	0.00E+00	0.00E+00	0.00E+00
cs137	137	55	82	0.00E+00	0.00E+00	0.00E+00	0.00E+00	0.00E+00	0.00E+00	0.00E+00	0.00E+00	0.00E+00	0.00E+00	0.00E+00	0.00E+00	0.00E+00	0.00E+00	0.00E+00	0.00E+00	0.00E+00	0.00E+00	0.00E+00	0.00E+00	0.00E+00	0.00E+00	0.00E+00	0.00E+00
ba134	134	56	78	1.31E-12	1.31E-12	1.31E-12	1.31E-12	1.31E-12	1.31E-12	2.86E-12	7.66E-12	1.47E-11	2.26E-11	3.08E-11	3.75E-11	4.38E-11	4.94E-11	5.51E-11	6.03E-11	6.55E-11	7.04E-11	7.52E-11	7.97E-11	8.44E-11	8.92E-11	9.39E-11	9.95E-11
ba135	135	56	79	3.57E-12	3.57E-12	3.57E-12	3.57E-12	3.57E-12	3.57E-12	4.09E-12	5.80E-12	8.29E-12	1.10E-11	1.38E-11	1.61E-11	1.83E-11	2.04E-11	2.26E-11	2.48E-11	2.71E-11	2.94E-11	3.18E-11	3.42E-11	3.67E-11	3.93E-11	4.19E-11	4.47E-11
ba136	136	56	80	4.25E-12	4.25E-12	4.25E-12	4.25E-12	4.25E-12	4.25E-12	9.36E-12	2.38E-11	4.76E-11	7.81E-11	1.12E-10	1.42E-10	1.72E-10	1.99E-10	2.27E-10	2.53E-10	2.79E-10	3.04E-10	3.27E-10	3.50E-10	3.73E-10	3.97E-10	4.20E-10	4.48E-10
ba137	137	56	81	6.08E-12	6.08E-12	6.08E-12	6.08E-12	6.08E-12	6.08E-12	9.39E-12	1.87E-11	3.43E-11	5.47E-11	7.77E-11	9.94E-11	1.21E-10	1.42E-10	1.63E-10	1.85E-10	2.06E-10	2.27E-10	2.49E-10	2.70E-10	2.92E-10	3.15E-10	3.38E-10	3.65E-10
ba138	138	56	82	3.88E-11	3.88E-11	3.88E-11	3.88E-11	3.88E-11	3.88E-11	1.02E-10	2.85E-10	5.87E-10	9.26E-10	1.27E-09	1.55E-09	1.82E-09	2.06E-09	2.30E-09	2.53E-09	2.76E-09	2.97E-09	3.19E-09	3.40E-09	3.61E-09	3.84E-09	4.07E-09	4.34E-09
la139	139	57	82	5.29E-12	5.29E-12	5.29E-12	5.29E-12	5.29E-12	5.29E-12	1.28E-11	3.45E-11	7.05E-11	1.10E-10	1.49E-10	1.82E-10	2.12E-10	2.38E-10	2.64E-10	2.90E-10	3.15E-10	3.39E-10	3.62E-10	3.85E-10	4.09E-10	4.34E-10	4.59E-10	4.89E-10
ce140	140	58	82	1.20E-11	1.20E-11	1.20E-11	1.20E-11	1.20E-11	1.20E-11	3.72E-11	1.12E-10	2.36E-10	3.63E-10	4.83E-10	5.78E-10	6.62E-10	7.33E-10	8.04E-10	8.71E-10	9.37E-10	1.00E-09	1.06E-09	1.12E-09	1.18E-09	1.25E-09	1.32E-09	1.40E-09
ce141	141	58	83	0.00E+00	0.00E+00	0.00E+00	0.00E+00	0.00E+00	0.00E+00	0.00E+00	0.00E+00	0.00E+00	0.00E+00	0.00E+00	0.00E+00	0.00E+00	0.00E+00	0.00E+00	0.00E+00	0.00E+00	0.00E+00	0.00E+00	0.00E+00	0.00E+00	0.00E+00	0.00E+00	0.00E+00
ce142	142	58	84	1.51E-12	1.51E-12	1.51E-12	1.51E-12	1.51E-12	1.51E-12	1.55E-12	1.63E-12	1.87E-12	2.41E-12	3.26E-12	4.37E-12	5.78E-12	7.26E-12	8.96E-12	1.11E-11	1.33E-11	1.56E-11	1.84E-11	2.13E-11	2.45E-11	2.82E-11	3.20E-11	3.62E-11
pr141	141	59	82	2.06E-12	2.06E-12	2.06E-12	2.06E-12	2.06E-12	2.06E-12	3.87E-12	9.26E-12	1.86E-11	2.86E-11	3.83E-11	4.61E-11	5.33E-11	5.94E-11	6.56E-11	7.16E-11	7.75E-11	8.31E-11	8.88E-11	9.43E-11	1.00E-10	1.06E-10	1.13E-10	1.20E-10
nd142	142	60	82	2.73E-12	2.73E-12	2.73E-12	2.73E-12	2.73E-12	2.73E-12	9.09E-12	2.81E-11	5.95E-11	9.09E-11	1.20E-10	1.42E-10	1.61E-10	1.77E-10	1.92E-10	2.07E-10	2.21E-10	2.34E-10	2.46E-10	2.58E-10	2.71E-10	2.84E-10	2.97E-10	3.14E-10
nd143	143	60	83	1.20E-12	1.20E-12	1.20E-12	1.20E-12	1.20E-12	1.20E-12	1.98E-12	4.32E-12	8.30E-12	1.24E-11	1.62E-11	1.91E-11	2.17E-11	2.39E-11	2.61E-11	2.81E-11	3.01E-11	3.20E-11	3.38E-11	3.56E-11	3.75E-11	3.95E-11	4.16E-11	4.40E-11
nd144	144	60	84	2.39E-12	2.39E-12	2.39E-12	2.39E-12	2.39E-12	2.39E-12	4.79E-12	1.19E-11	2.38E-11	3.59E-11	4.72E-11	5.58E-11	6.35E-11	6.99E-11	7.62E-11	8.22E-11	8.81E-11	9.36E-11	9.91E-11	1.04E-10	1.10E-10	1.16E-10	1.22E-10	1.29E-10
nd145	145	60	85	8.83E-13	8.83E-13	8.83E-13	8.83E-13	8.83E-13	8.83E-13	1.31E-12	2.59E-12	4.75E-12	6.96E-12	9.02E-12	1.06E-11	1.20E-11	1.32E-11	1.44E-11	1.55E-11	1.65E-11	1.76E-11	1.86E-11	1.96E-11	2.06E-11	2.17E-11	2.29E-11	2.42E-11
nd146	146	60	86	1.73E-12	1.73E-12	1.73E-12	1.73E-12	1.73E-12	1.73E-12	3.97E-12	1.07E-11	2.17E-11	3.26E-11	4.25E-11	5.01E-11	5.67E-11	6.22E-11	6.77E-11	7.28E-11	7.79E-11	8.27E-11	8.74E-11	9.20E-11	9.70E-11	1.02E-10	1.07E-10	1.14E-10
nd147	147	60	87	0.00E+00	0.00E+00	0.00E+00	0.00E+00	0.00E+00	0.00E+00	0.00E+00	0.00E+00	0.00E+00	0.00E+00	0.00E+00	0.00E+00	0.00E+00	0.00E+00	0.00E+00	0.00E+00	0.00E+00	0.00E+00	0.00E+00	0.00E+00	0.00E+00	0.00E+00	0.00E+00	0.00E+00
nd148	148	60	88	5.76E-13	5.76E-13	5.76E-13	5.76E-13	5.76E-13	5.76E-13	6.19E-13	7.02E-13	9.62E-13	1.45E-12	2.13E-12	2.86E-12	3.66E-12	4.44E-12	5.25E-12	6.10E-12	7.00E-12	7.88E-12	8.75E-12	9.64E-12	1.06E-11	1.15E-11	1.26E-11	1.37E-11
pm147	147	61	86	0.00E+00	0.00E+00	0.00E+00	0.00E+00	0.00E+00	0.00E+00	0.00E+00	0.00E+00	0.00E+00	0.00E+00	0.00E+00	0.00E+00	0.00E+00	0.00E+00	0.00E+00	0.00E+00	0.00E+00	0.00E+00	0.00E+00	0.00E+00	0.00E+00	0.00E+00	0.00E+00	0.00E+00
pm148	148	61	87	0.00E+00	0.00E+00	0.00E+00	0.00E+00	0.00E+00	0.00E+00	0.00E+00	0.00E+00	0.00E+00	0.00E+00	0.00E+00	0.00E+00	0.00E+00	0.00E+00	0.00E+00	0.00E+00	0.00E+00	0.00E+00	0.00E+00	0.00E+00	0.00E+00	0.00E+00	0.00E+00	0.00E+00
sm147	147	62	85	4.81E-13	4.81E-13	4.81E-13	4.81E-13	4.81E-13	4.81E-13	7.24E-13	1.47E-12	2.75E-12	4.03E-12	5.21E-12	6.12E-12	6.92E-12	7.58E-12	8.24E-12	8.86E-12	9.47E-12	1.01E-11	1.06E-11	1.12E-11	1.18E-11	1.24E-11	1.30E-11	1.38E-11
sm148	148	62	86	3.50E-13	3.50E-13	3.50E-13	3.50E-13	3.50E-13	3.50E-13	1.08E-12	3.31E-12	6.85E-12	1.01E-11	1.28E-11	1.47E-11	1.63E-11	1.76E-11	1.88E-11	2.00E-11	2.11E-11	2.21E-11	2.31E-11	2.41E-11	2.52E-11	2.64E-11	2.75E-11	2.89E-11
sm149	149	62	87	4.31E-13	4.31E-13	4.31E-13	4.31E-13	4.31E-13	4.30E-13	5.29E-13	8.31E-13	1.32E-12	1.78E-12	2.20E-12	2.51E-12	2.78E-12	3.01E-12	3.23E-12	3.45E-12	3.67E-12	3.87E-12	4.08E-12	4.28E-12	4.49E-12	4.72E-12	4.96E-12	5.23E-12
sm150	150	62	88	2.30E-13	2.30E-13	2.30E-13	2.30E-13	2.30E-13	2.30E-13	6.74E-13	2.04E-12	4.33E-12	6.56E-12	8.58E-12	1.01E-11	1.14E-11	1.25E-11	1.36E-11	1.46E-11	1.56E-11	1.66E-11	1.76E-11	1.86E-11	1.96E-11	2.07E-11	2.18E-11	2.31E-11
sm151	151	62	89	0.00E+00	0.00E+00	0.00E+00	0.00E+00	0.00E+00	0.00E+00	0.00E+00	0.00E+00	0.00E+00	0.00E+00	0.00E+00	0.00E+00	0.00E+00	0.00E+00	0.00E+00	0.00E+00	0.00E+00	0.00E+00	0.00E+00	0.00E+00	0.00E+00	0.00E+00	0.00E+00	0.00E+00
sm152	152	62	90	8.33E-13	8.33E-13	8.33E-13	8.33E-13	8.33E-13	8.33E-13	1.21E-12	2.25E-12	4.13E-12	6.08E-12	7.87E-12	9.23E-12	1.04E-11	1.14E-11	1.24E-11	1.33E-11	1.42E-11	1.50E-11	1.59E-11	1.68E-11	1.77E-11	1.86E-11	1.96E-11	2.08E-11
eu151	151	63	88	5.53E-13	5.53E-13	5.53E-13	5.53E-13	5.53E-13	5.53E-13	6.15E-13	8.04E-13	1.12E-12	1.43E-12	1.72E-12	1.93E-12	2.11E-12	2.26E-12	2.41E-12	2.56E-12	2.70E-12	2.84E-12	2.97E-12	3.10E-12	3.25E-12	3.40E-12	3.55E-12	3.73E-12
eu152	152	63	89	0.00E+00	0.00E+00	0.00E+00	0.00E+00	0.00E+00	0.00E+00	0.00E+00	0.00E+00	0.00E+00	0.00E+00	0.00E+00	0.00E+00	0.00E+00	0.00E+00	0.00E+00	0.00E+00	0.00E+00	0.00E+00	0.00E+00	0.00E+00	0.00E+00	0.00E+00	0.00E+00	0.00E+00
eu153	153	63	90	6.04E-13	6.04E-13	6.04E-13	6.04E-13	6.04E-13	6.04E-13	6.79E-13	8.85E-13	1.26E-12	1.64E-12	2.00E-12	2.27E-12	2.51E-12	2.70E-12	2.89E-12	3.08E-12	3.26E-12	3.43E-12	3.60E-12	3.77E-12	3.95E-12	4.13E-12	4.33E-12	4.56E-12
eu154	154	63	91	0.00E+00	0.00E+00	0.00E+00	0.00E+00	0.00E+00	0.00E+00	0.00E+00	0.00E+00	0.00E+00	0.00E+00	0.00E+00	0.00E+00	0.00E+00	0.00E+00	0.00E+00	0.00E+00	0.00E+00	0.00E+00	0.00E+00	0.00E+00	0.00E+00	0.00E+00	0.00E+00	0.00E+00
eu155	155	63	92	0.00E+00	0.00E+00	0.00E+00	0.00E+00	0.00E+00	0.00E+00	0.00E+00	0.00E+00	0.00E+00	0.00E+00	0.00E+00	0.00E+00	0.00E+00	0.00E+00	0.00E+00	0.00E+00	0.00E+00	0.00E+00	0.00E+00	0.00E+00	0.00E+00	0.00E+00	0.00E+00	0.00E+00
gd152	152	64	88	8.03E-15	8.03E-15	8.03E-15	8.03E-15	8.03E-15	8.05E-15	1.67E-14	5.29E-14	1.04E-13	1.51E-13	1.94E-13	2.24E-13	2.49E-13	2.71E-13	2.94E-13	3.13E-13	3.33E-13	3.53E-13	3.71E-13	3.90E-13	4.11E-13	4.30E-13	4.53E-13	4.74E-13
gd153	153	64	89	0.00E+00	0.00E+00	0.00E+00	0.00E+00	0.00E+00	0.00E+00	0.00E+00	0.00E+00	0.00E+00	0.00E+00	0.00E+00	0.00E+00	0.00E+00	0.00E+00	0.00E+00	0.00E+00	0.00E+00	0.00E+00	0.00E+00	0.00E+00	0.00E+00	0.00E+00	0.00E+00	0.00E+00
gd154	154	64	90	8.75E-14	8.75E-14	8.75E-14	8.75E-14	8.75E-14	8.75E-14	2.56E-13	7.22E-13	1.53E-12	2.37E-12	3.14E-12	3.73E-12	4.24E-12	4.66E-12	5.08E-12	5.47E-12	5.86E-12	6.22E-12	6.59E-12	6.95E-12	7.34E-12	7.75E-12	8.18E-12	8.68E-12
gd155	155	64	91	5.94E-13	5.94E-13	5.94E-13	5.94E-13	5.94E-13	5.94E-13	6.59E-13	8.44E-13	1.16E-12	1.50E-12	1.81E-12	2.05E-12	2.26E-12	2.43E-12	2.60E-12	2.76E-12	2.92E-12	3.07E-12	3.22E-12	3.37E-12	3.53E-12	3.70E-12	3.88E-12	4.08E-12
gd156	156	64	92	8.21E-13	8.21E-13	8.21E-13	8.21E-13	8.21E-13	8.22E-13	1.09E-12	1.92E-12	3.23E-12	4.58E-12	5.82E-12	6.78E-12	7.62E-12	8.31E-12	9.00E-12	9.65E-12	1.03E-11	1.09E-11	1.15E-11	1.21E-11	1.27E-11	1.34E-11	1.41E-11	1.49E-11
gd157	157	64	93	6.28E-13	6.28E-13	6.28E-13	6.28E-13	6.28E-13	6.28E-13	7.53E-13	1.15E-12	1.76E-12	2.38E-12	2.94E-12	3.39E-12	3.77E-12	4.09E-12	4.40E-12	4.70E-12	4.99E-12	5.27E-12	5.55E-12	5.82E-12	6.12E-12	6.43E-12	6.75E-12	7.13E-12
gd158	158	64	94	9.97E-13	9.97E-13	9.97E-13	9.97E-13	9.97E-13	9.97E-13	1.52E-12	3.14E-12	5.72E-12	8.23E-12	1.05E-11	1.22E-11	1.37E-11	1.50E-11	1.62E-11	1.73E-11	1.85E-11	1.95E-11	2.06E-11	2.17E-11	2.28E-11	2.40E-11	2.52E-11	2.67E-11
gd159	159	64	95	0.00E+00	0.00E+00	0.00E+00	0.00E+00	0.00E+00	0.00E+00	0.00E+00	0.00E+00	0.00E+00	0.00E+00	0.00E+00	0.00E+00	0.00E+00	0.00E+00	0.00E+00	0.00E+00	0.00E+00	0.00E+00	0.00E+00	0.00E+00	0.00E+00	0.00E+00	0.00E+00	0.00E+00
gd160	160	64	96	8.77E-13	8.77E-13	8.77E-13	8.77E-13	8.77E-13	8.77E-13	8.81E-13	8.89E-13	9.16E-13	9.71E-13	1.05E-12	1.14E-12	1.25E-12	1.36E-12	1.48E-12	1.61E-12	1.75E-12	1.89E-12	2.02E-12	2.16E-12	2.31E-12	2.46E-12	2.62E-12	2.79E-12
tb159	159	65	94	7.47E-13	7.47E-13	7.47E-13	7.47E-13	7.47E-13	7.47E-13	8.66E-13	1.23E-12	1.82E-12	2.39E-12	2.91E-12	3.30E-12	3.64E-12	3.92E-12	4.19E-12	4.45E-12	4.70E-12	4.94E-12	5.18E-12	5.42E-12	5.67E-12	5.94E-12	6.21E-12	6.54E-12
tb160	160	65	95	0.00E+00	0.00E+00	0.00E+00	0.00E+00	0.00E+00	0.00E+00	0.00E+00	0.00E+00	0.00E+00	0.00E+00	0.00E+00	0.00E+00	0.00E+00	0.00E+00	0.00E+00	0.00E+00	0.00E+00	0.00E+00	0.00E+00	0.00E+00	0.00E+00	0.00E+00	0.00E+00	0.00E+00
tb161	161	65	96	0.00E+00	0.00E+00	0.00E+00	0.00E+00	0.00E+00	0.00E+00	0.00E+00	0.00E+00	0.00E+00	0.00E+00	0.00E+00	0.00E+00	0.00E+00	0.00E+00	0.00E+00	0.00E+00	0.00E+00	0.00E+00	0.00E+00	0.00E+00	0.00E+00	0.00E+00	0.00E+00	0.00E+00
dy160	160	66	94	1.12E-13	1.12E-13	1.12E-13	1.12E-13	1.12E-13	1.12E-13	3.06E-13	8.97E-13	1.85E-12	2.77E-12	3.59E-12	4.21E-12	4.73E-12	5.16E-12	5.59E-12	5.99E-12	6.38E-12	6.75E-12	7.12E-12	7.48E-12	7.87E-12	8.28E-12	8.71E-12	9.21E-12
dy161	161	66	95	9.11E-13	9.11E-13	9.11E-13	9.11E-13	9.11E-13	9.11E-13	9.99E-13	1.27E-12	1.71E-12	2.13E-12	2.51E-12	2.80E-12	3.04E-12	3.25E-12	3.45E-12	3.64E-12	3.83E-12	4.01E-12	4.19E-12	4.36E-12	4.55E-12	4.75E-12	4.96E-12	5.20E-12
dy162	162	66	96	1.23E-12	1.23E-12	1.23E-12	1.23E-12	1.23E-12	1.23E-12	1.61E-12	2.78E-12	4.70E-12	6.52E-12	8.18E-12	9.41E-12	1.05E-11	1.14E-11	1.22E-11	1.31E-11	1.39E-11	1.46E-11	1.54E-11	1.62E-11	1.70E-11	1.78E-11	1.87E-11	1.97E-11
dy163	163	66	97	1.20E-12	1.20E-12	1.20E-12	1.20E-12	1.20E-12	1.20E-12	1.36E-12	1.86E-12	2.68E-12	3.46E-12	4.17E-12	4.70E-12	5.16E-12	5.53E-12	5.91E-12	6.26E-12	6.61E-12	6.94E-12	7.26E-12	7.58E-12	7.92E-12	8.28E-12	8.65E-12	9.09E-12
dy164	164	66	98	1.36E-12	1.36E-12	1.36E-12	1.36E-12	1.36E-12	1.36E-12	2.17E-12	4.56E-12	8.55E-12	1.24E-11	1.59E-11	1.85E-11	2.07E-11	2.26E-11	2.44E-11	2.61E-11	2.78E-11	2.93E-11	3.09E-11	3.25E-11	3.41E-11	3.58E-11	3.76E-11	3.97E-11
ho165	165	67	98	1.06E-12	1.06E-12	1.06E-12	1.06E-12	1.06E-12	1.06E-12	1.21E-12	1.67E-12	2.45E-12	3.20E-12	3.88E-12	4.39E-12	4.82E-12	5.18E-12	5.53E-12	5.86E-12	6.19E-12	6.50E-12	6.80E-12	7.10E-12	7.42E-12	7.75E-12	8.10E-12	8.51E-12
er166	166	68	98	9.97E-13	9.97E-13	9.97E-13	9.97E-13	9.97E-13	9.97E-13	1.35E-12	2.39E-12	4.14E-12	5.84E-12	7.36E-12	8.51E-12	9.49E-12	1.03E-11	1.11E-11	1.18E-11	1.26E-11	1.33E-11	1.39E-11	1.46E-11	1.53E-11	1.61E-11	1.68E-11	1.78E-11
er167	167	68	99	6.80E-13	6.80E-13	6.80E-13	6.80E-13	6.80E-13	6.80E-13	8.19E-13	1.24E-12	1.93E-12	2.62E-12	3.23E-12	3.69E-12	4.09E-12	4.41E-12	4.73E-12	5.03E-12	5.32E-12	5.60E-12	5.87E-12	6.14E-12	6.43E-12	6.72E-12	7.04E-12	7.41E-12
er168	168	68	100	8.03E-13	8.03E-13	8.03E-13	8.03E-13	8.03E-13	8.03E-13	1.34E-12	2.97E-12	5.66E-12	8.28E-12	1.06E-11	1.24E-11	1.39E-11	1.51E-11	1.63E-11	1.75E-11	1.86E-11	1.96E-11	2.06E-11	2.16E-11	2.27E-11	2.38E-11	2.50E-11	2.64E-11
er169	169	68	101	0.00E+00	0.00E+00	0.00E+00	0.00E+00	0.00E+00	0.00E+00	0.00E+00	0.00E+00	0.00E+00	0.00E+00	0.00E+00	0.00E+00	0.00E+00	0.00E+00	0.00E+00	0.00E+00	0.00E+00	0.00E+00	0.00E+00	0.00E+00	0.00E+00	0.00E+00	0.00E+00	0.00E+00
er170	170	68	102	4.44E-13	4.44E-13	4.44E-13	4.44E-13	4.44E-13	4.44E-13	4.80E-13	5.54E-13	7.84E-13	1.21E-12	1.79E-12	2.39E-12	3.04E-12	3.67E-12	4.32E-12	4.99E-12	5.69E-12	6.38E-12	7.05E-12	7.72E-12	8.44E-12	9.15E-12	9.93E-12	1.08E-11
tm169	169	69	100	4.71E-13	4.72E-13	4.72E-13	4.72E-13	4.72E-13	4.71E-13	6.00E-13	9.91E-13	1.64E-12	2.27E-12	2.84E-12	3.26E-12	3.63E-12	3.93E-12	4.23E-12	4.50E-12	4.77E-12	5.02E-12	5.27E-12	5.51E-12	5.77E-12	6.04E-12	6.33E-12	6.67E-12
tm170	170	69	101	0.00E+00	0.00E+00	0.00E+00	0.00E+00	0.00E+00	0.00E+00	0.00E+00	0.00E+00	0.00E+00	0.00E+00	0.00E+00	0.00E+00	0.00E+00	0.00E+00	0.00E+00	0.00E+00	0.00E+00	0.00E+00	0.00E+00	0.00E+00	0.00E+00	0.00E+00	0.00E+00	0.00E+00
tm171	171	69	102	0.00E+00	0.00E+00	0.00E+00	0.00E+00	0.00E+00	0.00E+00	0.00E+00	0.00E+00	0.00E+00	0.00E+00	0.00E+00	0.00E+00	0.00E+00	0.00E+00	0.00E+00	0.00E+00	0.00E+00	0.00E+00	0.00E+00	0.00E+00	0.00E+00	0.00E+00	0.00E+00	0.00E+00
yb170	170	70	100	8.87E-14	8.87E-14	8.87E-14	8.87E-14	8.87E-14	8.87E-14	2.79E-13	8.46E-13	1.74E-12	2.60E-12	3.36E-12	3.92E-12	4.41E-12	4.81E-12	5.19E-12	5.56E-12	5.91E-12	6.24E-12	6.56E-12	6.89E-12	7.23E-12	7.58E-12	7.96E-12	8.40E-12
yb171	171	70	101	4.19E-13	4.19E-13	4.19E-13	4.19E-13	4.19E-13	4.19E-13	5.79E-13	1.08E-12	1.93E-12	2.80E-12	3.63E-12	4.29E-12	4.88E-12	5.39E-12	5.90E-12	6.38E-12	6.86E-12	7.32E-12	7.76E-12	8.20E-12	8.67E-12	9.15E-12	9.66E-12	1.02E-11
yb172	172	70	102	6.45E-13	6.45E-13	6.45E-13	6.45E-13	6.45E-13	6.45E-13	1.17E-12	2.76E-12	5.36E-12	7.89E-12	1.02E-11	1.20E-11	1.36E-11	1.50E-11	1.63E-11	1.76E-11	1.90E-11	2.02E-11	2.14E-11	2.27E-11	2.40E-11	2.53E-11	2.68E-11	2.85E-11
yb173	173	70	103	4.79E-13	4.79E-13	4.79E-13	4.79E-13	4.79E-13	4.79E-13	7.28E-13	1.48E-12	2.71E-12	3.89E-12	4.93E-12	5.74E-12	6.46E-12	7.05E-12	7.66E-12	8.25E-12	8.83E-12	9.39E-12	9.96E-12	1.05E-11	1.11E-11	1.17E-11	1.24E-11	1.32E-11
yb174	174	70	104	9.53E-13	9.53E-13	9.53E-13	9.53E-13	9.53E-13	9.53E-13	2.10E-12	5.59E-12	1.13E-11	1.68E-11	2.15E-11	2.50E-11	2.79E-11	3.03E-11	3.27E-11	3.49E-11	3.71E-11	3.92E-11	4.13E-11	4.34E-11	4.56E-11	4.80E-11	5.05E-11	5.35E-11
lu175	175	71	104	4.28E-13	4.28E-13	4.28E-13	4.28E-13	4.28E-13	4.28E-13	5.77E-13	1.03E-12	1.79E-12	2.51E-12	3.13E-12	3.59E-12	3.97E-12	4.28E-12	4.59E-12	4.87E-12	5.15E-12	5.42E-12	5.69E-12	5.95E-12	6.24E-12	6.55E-12	6.87E-12	7.25E-12
lu176	176	71	105	1.35E-14	1.34E-14	1.34E-14	1.34E-14	1.34E-14	1.34E-14	7.73E-14	2.57E-13	5.41E-13	8.07E-13	1.03E-12	1.20E-12	1.34E-12	1.45E-12	1.56E-12	1.67E-12	1.77E-12	1.86E-12	1.96E-12	2.06E-12	2.17E-12	2.29E-12	2.41E-12	2.57E-12
lu177	177	71	106	0.00E+00	0.00E+00	0.00E+00	0.00E+00	0.00E+00	0.00E+00	0.00E+00	0.00E+00	0.00E+00	0.00E+00	0.00E+00	0.00E+00	0.00E+00	0.00E+00	0.00E+00	0.00E+00	0.00E+00	0.00E+00	0.00E+00	0.00E+00	0.00E+00	0.00E+00	0.00E+00	0.00E+00
hf176	176	72	104	9.44E-14	9.45E-14	9.45E-14	9.45E-14	9.45E-14	9.45E-14	1.71E-13	4.40E-13	8.74E-13	1.27E-12	1.62E-12	1.86E-12	2.06E-12	2.23E-12	2.39E-12	2.53E-12	2.68E-12	2.81E-12	2.95E-12	3.08E-12	3.22E-12	3.38E-12	3.54E-12	3.70E-12
hf177	177	72	105	3.41E-13	3.41E-13	3.41E-13	3.41E-13	3.41E-13	3.41E-13	4.50E-13	7.97E-13	1.37E-12	1.91E-12	2.38E-12	2.72E-12	3.00E-12	3.23E-12	3.45E-12	3.66E-12	3.86E-12	4.05E-12	4.25E-12	4.44E-12	4.64E-12	4.87E-12	5.09E-12	5.37E-12
hf178	178	72	106	5.01E-13	5.01E-13	5.01E-13	5.01E-13	5.01E-13	5.01E-13	1.04E-12	2.71E-12	5.56E-12	8.33E-12	1.08E-11	1.26E-11	1.41E-11	1.53E-11	1.64E-11	1.75E-11	1.85E-11	1.95E-11	2.04E-11	2.13E-11	2.23E-11	2.34E-11	2.45E-11	2.58E-11
hf179	179	72	107	2.50E-13	2.50E-13	2.50E-13	2.50E-13	2.50E-13	2.50E-13	4.37E-13	1.00E-12	1.98E-12	2.94E-12	3.79E-12	4.41E-12	4.94E-12	5.36E-12	5.77E-12	6.14E-12	6.50E-12	6.84E-12	7.17E-12	7.49E-12	7.83E-12	8.19E-12	8.57E-12	9.02E-12
hf180	180	72	108	6.44E-13	6.44E-13	6.44E-13	6.44E-13	6.44E-13	6.44E-13	1.78E-12	5.17E-12	1.08E-11	1.63E-11	2.12E-11	2.48E-11	2.78E-11	3.03E-11	3.27E-11	3.50E-11	3.71E-11	3.92E-11	4.11E-11	4.30E-11	4.50E-11	4.70E-11	4.92E-11	5.18E-11
hf181	181	72	109	0.00E+00	0.00E+00	0.00E+00	0.00E+00	0.00E+00	0.00E+00	0.00E+00	0.00E+00	0.00E+00	0.00E+00	0.00E+00	0.00E+00	0.00E+00	0.00E+00	0.00E+00	0.00E+00	0.00E+00	0.00E+00	0.00E+00	0.00E+00	0.00E+00	0.00E+00	0.00E+00	0.00E+00
hf182	182	72	110	0.00E+00	1.72E-37	1.73E-37	1.71E-37	1.69E-37	2.43E-19	4.16E-14	1.10E-13	3.64E-13	8.35E-13	1.45E-12	2.13E-12	2.85E-12	3.55E-12	4.28E-12	5.06E-12	5.89E-12	6.68E-12	7.50E-12	8.33E-12	9.21E-12	1.01E-11	1.11E-11	1.22E-11
ta181	181	73	108	2.71E-13	2.71E-13	2.71E-13	2.71E-13	2.71E-13	2.71E-13	4.99E-13	1.20E-12	2.39E-12	3.58E-12	4.68E-12	5.51E-12	6.22E-12	6.81E-12	7.39E-12	7.91E-12	8.44E-12	8.93E-12	9.39E-12	9.84E-12	1.03E-11	1.08E-11	1.13E-11	1.19E-11
ta182	182	73	109	0.00E+00	0.00E+00	0.00E+00	0.00E+00	0.00E+00	2.23E-27	3.81E-22	1.01E-21	3.34E-21	7.67E-21	1.33E-20	1.95E-20	2.62E-20	3.26E-20	3.93E-20	4.65E-20	5.40E-20	6.13E-20	6.88E-20	7.64E-20	8.45E-20	9.29E-20	1.02E-19	1.12E-19
ta183	183	73	110	0.00E+00	0.00E+00	0.00E+00	0.00E+00	0.00E+00	0.00E+00	0.00E+00	0.00E+00	0.00E+00	0.00E+00	0.00E+00	0.00E+00	0.00E+00	0.00E+00	0.00E+00	0.00E+00	0.00E+00	0.00E+00	0.00E+00	0.00E+00	0.00E+00	0.00E+00	0.00E+00	0.00E+00
w182	182	74	108	4.23E-13	4.23E-13	4.23E-13	4.23E-13	4.23E-13	4.23E-13	1.02E-12	2.86E-12	5.74E-12	8.34E-12	1.06E-11	1.22E-11	1.35E-11	1.46E-11	1.57E-11	1.67E-11	1.76E-11	1.85E-11	1.94E-11	2.03E-11	2.12E-11	2.21E-11	2.31E-11	2.43E-11
w183	183	74	109	2.29E-13	2.29E-13	2.29E-13	2.29E-13	2.29E-13	2.29E-13	5.43E-13	1.53E-12	3.15E-12	4.67E-12	6.01E-12	7.03E-12	7.92E-12	8.66E-12	9.40E-12	1.01E-11	1.08E-11	1.15E-11	1.22E-11	1.29E-11	1.36E-11	1.43E-11	1.51E-11	1.60E-11
w184	184	74	110	4.90E-13	4.90E-13	4.90E-13	4.90E-13	4.90E-13	4.90E-13	1.27E-12	3.66E-12	7.71E-12	1.16E-11	1.50E-11	1.76E-11	1.97E-11	2.14E-11	2.31E-11	2.48E-11	2.63E-11	2.79E-11	2.94E-11	3.09E-11	3.26E-11	3.43E-11	3.61E-11	3.83E-11
w185	185	74	111	0.00E+00	0.00E+00	0.00E+00	0.00E+00	0.00E+00	0.00E+00	0.00E+00	0.00E+00	0.00E+00	0.00E+00	0.00E+00	0.00E+00	0.00E+00	0.00E+00	0.00E+00	0.00E+00	0.00E+00	0.00E+00	0.00E+00	0.00E+00	0.00E+00	0.00E+00	0.00E+00	0.00E+00
w186	186	74	112	4.54E-13	4.54E-13	4.54E-13	4.54E-13	4.54E-13	4.54E-13	6.42E-13	1.08E-12	2.12E-12	3.57E-12	5.16E-12	6.57E-12	7.88E-12	9.03E-12	1.02E-11	1.12E-11	1.23E-11	1.34E-11	1.44E-11	1.54E-11	1.65E-11	1.76E-11	1.88E-11	2.02E-11
re185	185	75	110	2.32E-13	2.32E-13	2.32E-13	2.32E-13	2.32E-13	2.32E-13	3.67E-13	7.83E-13	1.51E-12	2.23E-12	2.88E-12	3.35E-12	3.75E-12	4.08E-12	4.40E-12	4.70E-12	5.00E-12	5.28E-12	5.57E-12	5.85E-12	6.15E-12	6.47E-12	6.81E-12	7.21E-12
re186	186	75	111	0.00E+00	0.00E+00	0.00E+00	0.00E+00	0.00E+00	0.00E+00	0.00E+00	0.00E+00	0.00E+00	0.00E+00	0.00E+00	0.00E+00	0.00E+00	0.00E+00	0.00E+00	0.00E+00	0.00E+00	0.00E+00	0.00E+00	0.00E+00	0.00E+00	0.00E+00	0.00E+00	0.00E+00
re187	187	75	112	4.52E-13	4.50E-13	4.50E-13	4.50E-13	4.50E-13	4.50E-13	4.80E-13	5.51E-13	7.20E-13	9.62E-13	1.23E-12	1.46E-12	1.68E-12	1.88E-12	2.07E-12	2.25E-12	2.44E-12	2.61E-12	2.78E-12	2.95E-12	3.14E-12	3.33E-12	3.53E-12	3.76E-12
os186	186	76	110	1.28E-13	1.28E-13	1.28E-13	1.28E-13	1.28E-13	1.28E-13	5.01E-13	1.62E-12	3.42E-12	5.08E-12	6.49E-12	7.49E-12	8.31E-12	8.94E-12	9.56E-12	1.02E-11	1.07E-11	1.12E-11	1.18E-11	1.23E-11	1.29E-11	1.36E-11	1.42E-11	1.50E-11
os187	187	76	111	6.83E-14	7.09E-14	7.09E-14	7.09E-14	7.09E-14	7.09E-14	1.85E-13	5.38E-13	1.07E-12	1.54E-12	1.92E-12	2.19E-12	2.41E-12	2.57E-12	2.73E-12	2.88E-12	3.02E-12	3.16E-12	3.30E-12	3.44E-12	3.59E-12	3.76E-12	3.93E-12	4.14E-12
os188	188	76	112	1.07E-12	1.07E-12	1.07E-12	1.07E-12	1.07E-12	1.07E-12	1.66E-12	3.51E-12	6.45E-12	9.22E-12	1.16E-11	1.34E-11	1.50E-11	1.62E-11	1.74E-11	1.86E-11	1.97E-11	2.08E-11	2.19E-11	2.30E-11	2.41E-11	2.53E-11	2.66E-11	2.82E-11
os189	189	76	113	1.30E-12	1.30E-12	1.30E-12	1.30E-12	1.30E-12	1.30E-12	1.42E-12	1.80E-12	2.40E-12	2.96E-12	3.45E-12	3.81E-12	4.11E-12	4.35E-12	4.59E-12	4.82E-12	5.04E-12	5.25E-12	5.46E-12	5.66E-12	5.89E-12	6.13E-12	6.38E-12	6.68E-12
os190	190	76	114	2.12E-12	2.12E-12	2.12E-12	2.12E-12	2.12E-12	2.12E-12	2.77E-12	4.83E-12	8.18E-12	1.13E-11	1.40E-11	1.59E-11	1.75E-11	1.88E-11	2.01E-11	2.12E-11	2.23E-11	2.34E-11	2.44E-11	2.54E-11	2.65E-11	2.77E-11	2.89E-11	3.04E-11
os191	191	76	115	0.00E+00	0.00E+00	0.00E+00	0.00E+00	0.00E+00	0.00E+00	0.00E+00	0.00E+00	0.00E+00	0.00E+00	0.00E+00	0.00E+00	0.00E+00	0.00E+00	0.00E+00	0.00E+00	0.00E+00	0.00E+00	0.00E+00	0.00E+00	0.00E+00	0.00E+00	0.00E+00	0.00E+00
os192	192	76	116	3.29E-12	3.29E-12	3.29E-12	3.29E-12	3.29E-12	3.29E-12	3.39E-12	3.62E-12	4.12E-12	4.81E-12	5.63E-12	6.40E-12	7.17E-12	7.88E-12	8.59E-12	9.28E-12	1.00E-11	1.07E-11	1.14E-11	1.20E-11	1.27E-11	1.34E-11	1.42E-11	1.51E-11
ir191	191	77	114	2.79E-12	2.79E-12	2.79E-12	2.79E-12	2.79E-12	2.79E-12	2.90E-12	3.27E-12	3.87E-12	4.43E-12	4.91E-12	5.26E-12	5.54E-12	5.76E-12	5.98E-12	6.17E-12	6.36E-12	6.54E-12	6.72E-12	6.89E-12	7.08E-12	7.28E-12	7.49E-12	7.74E-12
ir192	192	77	115	0.00E+00	0.00E+00	0.00E+00	0.00E+00	0.00E+00	0.00E+00	0.00E+00	0.00E+00	0.00E+00	0.00E+00	0.00E+00	0.00E+00	0.00E+00	0.00E+00	0.00E+00	0.00E+00	0.00E+00	0.00E+00	0.00E+00	0.00E+00	0.00E+00	0.00E+00	0.00E+00	0.00E+00
ir193	193	77	116	4.69E-12	4.69E-12	4.69E-12	4.69E-12	4.69E-12	4.69E-12	4.81E-12	5.20E-12	5.83E-12	6.44E-12	6.99E-12	7.42E-12	7.79E-12	8.09E-12	8.38E-12	8.66E-12	8.94E-12	9.20E-12	9.45E-12	9.70E-12	9.97E-12	1.02E-11	1.05E-11	1.09E-11
pt192	192	78	114	1.17E-13	1.17E-13	1.17E-13	1.17E-13	1.17E-13	1.17E-13	3.29E-13	9.85E-13	1.96E-12	2.81E-12	3.51E-12	4.01E-12	4.42E-12	4.73E-12	5.03E-12	5.31E-12	5.58E-12	5.83E-12	6.08E-12	6.33E-12	6.60E-12	6.88E-12	7.18E-12	7.53E-12
pt193	193	78	115	0.00E+00	0.00E+00	0.00E+00	0.00E+00	0.00E+00	0.00E+00	0.00E+00	0.00E+00	0.00E+00	0.00E+00	0.00E+00	0.00E+00	0.00E+00	0.00E+00	0.00E+00	0.00E+00	0.00E+00	0.00E+00	0.00E+00	0.00E+00	0.00E+00	0.00E+00	0.00E+00	0.00E+00
pt194	194	78	116	4.92E-12	4.92E-12	4.92E-12	4.92E-12	4.92E-12	4.92E-12	5.39E-12	6.93E-12	9.41E-12	1.16E-11	1.36E-11	1.50E-11	1.62E-11	1.71E-11	1.81E-11	1.90E-11	1.99E-11	2.07E-11	2.16E-11	2.24E-11	2.33E-11	2.42E-11	2.51E-11	2.63E-11
pt195	195	78	117	5.04E-12	5.04E-12	5.04E-12	5.04E-12	5.04E-12	5.04E-12	5.24E-12	5.86E-12	6.89E-12	7.81E-12	8.59E-12	9.16E-12	9.63E-12	1.00E-11	1.04E-11	1.07E-11	1.11E-11	1.14E-11	1.17E-11	1.20E-11	1.24E-11	1.27E-11	1.31E-11	1.36E-11
pt196	196	78	118	3.76E-12	3.76E-12	3.76E-12	3.76E-12	3.76E-12	3.76E-12	4.64E-12	7.31E-12	1.18E-11	1.60E-11	1.96E-11	2.22E-11	2.43E-11	2.60E-11	2.76E-11	2.91E-11	3.06E-11	3.20E-11	3.34E-11	3.47E-11	3.61E-11	3.77E-11	3.93E-11	4.12E-11
au197	197	79	118	2.26E-12	2.26E-12	2.26E-12	2.26E-12	2.26E-12	2.26E-12	2.52E-12	3.32E-12	4.69E-12	5.99E-12	7.10E-12	7.90E-12	8.55E-12	9.07E-12	9.58E-12	1.00E-11	1.05E-11	1.09E-11	1.13E-11	1.17E-11	1.21E-11	1.26E-11	1.31E-11	1.37E-11
hg198	198	80	118	5.27E-13	5.27E-13	5.27E-13	5.27E-13	5.27E-13	5.28E-13	1.44E-12	4.18E-12	8.87E-12	1.35E-11	1.75E-11	2.05E-11	2.30E-11	2.49E-11	2.69E-11	2.86E-11	3.03E-11	3.19E-11	3.35E-11	3.50E-11	3.66E-11	3.82E-11	4.00E-11	4.21E-11
hg199	199	80	119	8.92E-13	8.92E-13	8.92E-13	8.92E-13	8.92E-13	8.93E-13	1.27E-12	2.43E-12	4.41E-12	6.37E-12	8.10E-12	9.39E-12	1.05E-11	1.13E-11	1.22E-11	1.30E-11	1.37E-11	1.44E-11	1.51E-11	1.58E-11	1.65E-11	1.72E-11	1.80E-11	1.89E-11
hg200	200	80	120	1.22E-12	1.22E-12	1.22E-12	1.22E-12	1.22E-12	1.22E-12	2.51E-12	6.47E-12	1.30E-11	1.93E-11	2.49E-11	2.91E-11	3.26E-11	3.54E-11	3.81E-11	4.07E-11	4.32E-11	4.56E-11	4.79E-11	5.02E-11	5.26E-11	5.51E-11	5.78E-11	6.09E-11
hg201	201	80	121	6.97E-13	6.97E-13	6.97E-13	6.97E-13	6.97E-13	6.97E-13	1.21E-12	2.79E-12	5.43E-12	7.96E-12	1.02E-11	1.19E-11	1.33E-11	1.45E-11	1.56E-11	1.66E-11	1.77E-11	1.87E-11	1.96E-11	2.05E-11	2.15E-11	2.26E-11	2.37E-11	2.50E-11
hg202	202	80	122	1.58E-12	1.58E-12	1.58E-12	1.58E-12	1.58E-12	1.58E-12	3.83E-12	1.07E-11	2.19E-11	3.22E-11	4.11E-11	4.78E-11	5.33E-11	5.78E-11	6.21E-11	6.61E-11	7.01E-11	7.39E-11	7.75E-11	8.11E-11	8.49E-11	8.89E-11	9.31E-11	9.81E-11
tl203	203	81	122	6.22E-13	6.22E-13	6.22E-13	6.22E-13	6.22E-13	6.22E-13	1.53E-12	4.42E-12	9.45E-12	1.44E-11	1.87E-11	2.20E-11	2.48E-11	2.71E-11	2.93E-11	3.14E-11	3.34E-11	3.54E-11	3.73E-11	3.92E-11	4.12E-11	4.33E-11	4.56E-11	4.82E-11
tl204	204	81	123	0.00E+00	0.00E+00	0.00E+00	0.00E+00	0.00E+00	0.00E+00	0.00E+00	0.00E+00	0.00E+00	0.00E+00	0.00E+00	0.00E+00	0.00E+00	0.00E+00	0.00E+00	0.00E+00	0.00E+00	0.00E+00	0.00E+00	0.00E+00	0.00E+00	0.00E+00	0.00E+00	0.00E+00
tl205	205	81	124	1.48E-12	1.48E-12	1.48E-12	1.48E-12	1.48E-12	1.48E-12	3.95E-12	1.15E-11	2.36E-11	3.44E-11	4.36E-11	5.04E-11	5.60E-11	6.05E-11	6.49E-11	6.90E-11	7.30E-11	7.67E-11	8.04E-11	8.39E-11	8.77E-11	9.15E-11	9.57E-11	1.00E-10
pb204	204	82	122	7.83E-13	7.83E-13	7.83E-13	7.83E-13	7.83E-13	7.83E-13	2.07E-12	6.22E-12	1.32E-11	1.97E-11	2.54E-11	2.95E-11	3.29E-11	3.56E-11	3.82E-11	4.06E-11	4.29E-11	4.51E-11	4.72E-11	4.92E-11	5.14E-11	5.36E-11	5.60E-11	5.89E-11
pb205	205	82	123	0.00E+00	4.68E-33	4.67E-33	4.63E-33	4.72E-32	2.95E-20	6.75E-16	6.27E-15	3.45E-14	1.09E-13	2.27E-13	3.49E-13	4.69E-13	5.82E-13	6.91E-13	8.05E-13	9.19E-13	1.03E-12	1.13E-12	1.23E-12	1.34E-12	1.44E-12	1.55E-12	1.70E-12
pb206	206	82	124	7.29E-12	7.29E-12	7.29E-12	7.29E-12	7.29E-12	7.29E-12	1.51E-11	3.98E-11	8.12E-11	1.20E-10	1.55E-10	1.82E-10	2.04E-10	2.22E-10	2.40E-10	2.56E-10	2.72E-10	2.87E-10	3.02E-10	3.17E-10	3.32E-10	3.48E-10	3.65E-10	3.85E-10
pb207	207	82	125	8.06E-12	8.06E-12	8.06E-12	8.06E-12	8.06E-12	8.06E-12	1.64E-11	4.46E-11	9.27E-11	1.41E-10	1.86E-10	2.22E-10	2.52E-10	2.76E-10	2.99E-10	3.20E-10	3.41E-10	3.61E-10	3.80E-10	3.99E-10	4.18E-10	4.39E-10	4.60E-10	4.85E-10
pb208	208	82	126	2.31E-11	2.31E-11	2.31E-11	2.31E-11	2.31E-11	2.31E-11	3.22E-11	8.18E-11	1.90E-10	3.28E-10	4.68E-10	5.82E-10	6.76E-10	7.48E-10	8.13E-10	8.71E-10	9.26E-10	9.77E-10	1.03E-09	1.07E-09	1.12E-09	1.18E-09	1.23E-09	1.30E-09
bi209	209	83	126	1.60E-12	1.60E-12	1.60E-12	1.60E-12	1.60E-12	1.60E-12	1.64E-12	1.97E-12	2.82E-12	4.04E-12	5.39E-12	6.59E-12	7.63E-12	8.45E-12	9.19E-12	9.89E-12	1.06E-11	1.12E-11	1.18E-11	1.25E-11	1.32E-11	1.40E-11	1.48E-11	1.58E-11
bi210	210	83	127	0.00E+00	0.00E+00	0.00E+00	0.00E+00	0.00E+00	0.00E+00	0.00E+00	0.00E+00	0.00E+00	0.00E+00	0.00E+00	0.00E+00	0.00E+00	0.00E+00	0.00E+00	0.00E+00	0.00E+00	0.00E+00	0.00E+00	0.00E+00	0.00E+00	0.00E+00	0.00E+00	0.00E+00
po210	210	84	126	0.00E+00	8.00E-27	8.07E-27	8.01E-27	7.93E-27	2.75E-18	1.65E-14	4.01E-13	1.52E-12	3.11E-12	4.80E-12	6.19E-12	7.31E-12	8.12E-12	8.81E-12	9.40E-12	9.94E-12	1.04E-11	1.09E-11	1.14E-11	1.19E-11	1.24E-11	1.30E-11	1.37E-11