# M = 2.000, Z =  0.014, Y =  0.280, Set 2																													
# Surface normalized number abundances																													
Isotope	A	Z	N	Initial	TP #1	TP #2	TP #3	TP #4	TP #5	TP #6	TP #7	TP #8	TP #9	TP #10	TP #11	TP #12	TP #13	TP #14	TP #15	TP #16	TP #17	TP #18	TP #19	TP #20	TP #21	TP #22	TP #23	TP #24	Final
p	1	1	0	7.06E-01	6.95E-01	6.95E-01	6.95E-01	6.95E-01	6.95E-01	6.95E-01	6.95E-01	6.95E-01	6.95E-01	6.95E-01	6.96E-01	6.96E-01	6.96E-01	6.96E-01	6.96E-01	6.96E-01	6.96E-01	6.96E-01	6.95E-01	6.94E-01	6.92E-01	6.91E-01	6.89E-01	6.86E-01	6.84E-01
d	2	1	1	0.00E+00	2.62E-18	2.62E-18	2.62E-18	2.62E-18	2.63E-18	2.63E-18	2.60E-18	2.58E-18	2.58E-18	2.56E-18	2.49E-18	2.43E-18	2.42E-18	2.40E-18	2.38E-18	2.36E-18	2.35E-18	2.33E-18	2.32E-18	2.31E-18	2.30E-18	2.30E-18	2.36E-18	2.53E-18	2.52E-18
he3	3	2	1	0.00E+00	8.04E-05	8.04E-05	8.02E-05	8.02E-05	8.02E-05	8.02E-05	7.95E-05	7.87E-05	7.86E-05	7.78E-05	7.58E-05	7.38E-05	7.35E-05	7.28E-05	7.21E-05	7.15E-05	7.10E-05	7.04E-05	7.00E-05	6.96E-05	6.93E-05	6.90E-05	6.87E-05	6.84E-05	6.81E-05
he4	4	2	2	7.00E-02	7.26E-02	7.26E-02	7.26E-02	7.26E-02	7.26E-02	7.26E-02	7.26E-02	7.25E-02	7.25E-02	7.25E-02	7.24E-02	7.24E-02	7.24E-02	7.24E-02	7.23E-02	7.23E-02	7.23E-02	7.24E-02	7.25E-02	7.27E-02	7.29E-02	7.32E-02	7.35E-02	7.39E-02	7.43E-02
li7	7	3	4	1.30E-09	3.30E-10	3.30E-10	3.31E-10	3.30E-10	3.29E-10	3.28E-10	3.37E-10	3.46E-10	3.45E-10	3.55E-10	3.78E-10	4.01E-10	4.04E-10	4.12E-10	4.20E-10	4.26E-10	4.32E-10	4.37E-10	4.40E-10	4.42E-10	4.43E-10	4.43E-10	4.42E-10	4.41E-10	4.39E-10
be7	7	4	3	0.00E+00	0.00E+00	0.00E+00	0.00E+00	0.00E+00	0.00E+00	0.00E+00	0.00E+00	0.00E+00	0.00E+00	0.00E+00	0.00E+00	0.00E+00	0.00E+00	0.00E+00	0.00E+00	0.00E+00	0.00E+00	0.00E+00	0.00E+00	0.00E+00	0.00E+00	0.00E+00	0.00E+00	0.00E+00	9.61E-24
b8	8	5	3	0.00E+00	2.11E-31	2.11E-31	2.09E-31	2.09E-31	2.09E-31	2.10E-31	2.12E-31	2.16E-31	2.22E-31	2.29E-31	2.43E-31	2.55E-31	2.80E-31	3.21E-31	3.88E-31	4.73E-31	7.31E-31	9.15E-31	1.41E-30	1.64E-30	2.32E-30	2.84E-30	3.41E-30	3.21E-30	8.12E-30
c12	12	6	6	2.09E-04	1.28E-04	1.28E-04	1.29E-04	1.29E-04	1.29E-04	1.29E-04	1.29E-04	1.30E-04	1.30E-04	1.31E-04	1.33E-04	1.35E-04	1.35E-04	1.36E-04	1.37E-04	1.37E-04	1.38E-04	1.51E-04	1.70E-04	1.99E-04	2.36E-04	2.79E-04	3.32E-04	3.90E-04	4.43E-04
c13	13	6	7	2.34E-06	6.33E-06	6.33E-06	6.32E-06	6.32E-06	6.32E-06	6.32E-06	6.28E-06	6.24E-06	6.25E-06	6.21E-06	6.11E-06	6.01E-06	6.00E-06	5.96E-06	5.93E-06	5.90E-06	5.87E-06	5.85E-06	5.82E-06	5.80E-06	5.78E-06	5.76E-06	5.74E-06	5.72E-06	5.71E-06
c14	14	6	8	0.00E+00	0.00E+00	1.43E-34	1.63E-34	3.81E-35	1.39E-35	6.03E-36	5.53E-36	5.14E-36	6.31E-36	1.10E-35	9.96E-35	4.29E-35	6.61E-35	1.95E-34	1.03E-33	1.55E-32	3.91E-17	1.93E-13	3.47E-13	5.20E-13	7.38E-13	8.44E-13	1.02E-12	1.39E-12	1.63E-12
n13	13	7	6	0.00E+00	0.00E+00	0.00E+00	0.00E+00	0.00E+00	0.00E+00	0.00E+00	0.00E+00	0.00E+00	0.00E+00	0.00E+00	0.00E+00	0.00E+00	0.00E+00	0.00E+00	0.00E+00	0.00E+00	0.00E+00	0.00E+00	0.00E+00	0.00E+00	0.00E+00	0.00E+00	0.00E+00	0.00E+00	0.00E+00
n14	14	7	7	5.29E-05	1.30E-04	1.30E-04	1.30E-04	1.30E-04	1.30E-04	1.29E-04	1.29E-04	1.28E-04	1.28E-04	1.27E-04	1.25E-04	1.23E-04	1.23E-04	1.23E-04	1.22E-04	1.21E-04	1.21E-04	1.21E-04	1.20E-04	1.20E-04	1.20E-04	1.20E-04	1.19E-04	1.19E-04	1.19E-04
n15	15	7	8	1.22E-07	5.97E-08	5.97E-08	5.98E-08	5.98E-08	5.98E-08	5.98E-08	6.04E-08	6.10E-08	6.10E-08	6.16E-08	6.32E-08	6.47E-08	6.49E-08	6.54E-08	6.59E-08	6.64E-08	6.67E-08	6.72E-08	6.76E-08	6.78E-08	6.80E-08	6.81E-08	6.81E-08	6.80E-08	6.78E-08
o14	14	8	6	0.00E+00	0.00E+00	0.00E+00	0.00E+00	0.00E+00	0.00E+00	0.00E+00	0.00E+00	0.00E+00	0.00E+00	0.00E+00	0.00E+00	0.00E+00	0.00E+00	0.00E+00	0.00E+00	0.00E+00	0.00E+00	0.00E+00	0.00E+00	0.00E+00	0.00E+00	0.00E+00	0.00E+00	0.00E+00	0.00E+00
o15	15	8	7	0.00E+00	0.00E+00	0.00E+00	0.00E+00	0.00E+00	0.00E+00	0.00E+00	0.00E+00	0.00E+00	0.00E+00	0.00E+00	0.00E+00	0.00E+00	0.00E+00	0.00E+00	0.00E+00	0.00E+00	0.00E+00	0.00E+00	0.00E+00	0.00E+00	0.00E+00	0.00E+00	0.00E+00	0.00E+00	0.00E+00
o16	16	8	8	3.78E-04	3.77E-04	3.77E-04	3.77E-04	3.77E-04	3.77E-04	3.77E-04	3.77E-04	3.77E-04	3.77E-04	3.77E-04	3.77E-04	3.77E-04	3.77E-04	3.77E-04	3.77E-04	3.77E-04	3.77E-04	3.77E-04	3.78E-04	3.78E-04	3.79E-04	3.80E-04	3.81E-04	3.82E-04	3.82E-04
o17	17	8	9	1.44E-07	1.43E-06	1.43E-06	1.42E-06	1.42E-06	1.42E-06	1.42E-06	1.41E-06	1.40E-06	1.40E-06	1.39E-06	1.35E-06	1.32E-06	1.32E-06	1.31E-06	1.30E-06	1.29E-06	1.28E-06	1.27E-06	1.26E-06	1.26E-06	1.25E-06	1.25E-06	1.24E-06	1.24E-06	1.23E-06
o18	18	8	10	7.56E-07	5.30E-07	5.30E-07	5.30E-07	5.30E-07	5.30E-07	5.30E-07	5.32E-07	5.35E-07	5.35E-07	5.37E-07	5.42E-07	5.48E-07	5.49E-07	5.50E-07	5.52E-07	5.54E-07	5.55E-07	5.56E-07	5.57E-07	5.57E-07	5.56E-07	5.55E-07	5.54E-07	5.52E-07	5.50E-07
o19	19	8	11	0.00E+00	0.00E+00	0.00E+00	0.00E+00	0.00E+00	0.00E+00	0.00E+00	0.00E+00	0.00E+00	0.00E+00	0.00E+00	0.00E+00	0.00E+00	0.00E+00	0.00E+00	0.00E+00	0.00E+00	0.00E+00	0.00E+00	0.00E+00	0.00E+00	0.00E+00	0.00E+00	0.00E+00	0.00E+00	0.00E+00
f17	17	9	8	0.00E+00	0.00E+00	0.00E+00	0.00E+00	0.00E+00	0.00E+00	0.00E+00	0.00E+00	0.00E+00	0.00E+00	0.00E+00	0.00E+00	0.00E+00	0.00E+00	0.00E+00	0.00E+00	0.00E+00	0.00E+00	0.00E+00	0.00E+00	0.00E+00	0.00E+00	0.00E+00	0.00E+00	0.00E+00	0.00E+00
f18	18	9	9	0.00E+00	0.00E+00	0.00E+00	0.00E+00	0.00E+00	0.00E+00	0.00E+00	0.00E+00	0.00E+00	0.00E+00	0.00E+00	0.00E+00	0.00E+00	0.00E+00	0.00E+00	0.00E+00	0.00E+00	0.00E+00	0.00E+00	0.00E+00	0.00E+00	0.00E+00	0.00E+00	0.00E+00	0.00E+00	0.00E+00
f19	19	9	10	2.06E-08	2.04E-08	2.04E-08	2.04E-08	2.04E-08	2.04E-08	2.04E-08	2.04E-08	2.04E-08	2.04E-08	2.04E-08	2.04E-08	2.04E-08	2.04E-08	2.04E-08	2.04E-08	2.04E-08	2.04E-08	2.13E-08	2.33E-08	2.62E-08	3.00E-08	3.48E-08	4.08E-08	4.80E-08	5.54E-08
f20	20	9	11	0.00E+00	0.00E+00	0.00E+00	0.00E+00	0.00E+00	0.00E+00	0.00E+00	0.00E+00	0.00E+00	0.00E+00	0.00E+00	0.00E+00	0.00E+00	0.00E+00	0.00E+00	0.00E+00	0.00E+00	0.00E+00	0.00E+00	0.00E+00	0.00E+00	0.00E+00	0.00E+00	0.00E+00	0.00E+00	0.00E+00
ne19	19	10	9	0.00E+00	0.00E+00	0.00E+00	0.00E+00	0.00E+00	0.00E+00	0.00E+00	0.00E+00	0.00E+00	0.00E+00	0.00E+00	0.00E+00	0.00E+00	0.00E+00	0.00E+00	0.00E+00	0.00E+00	0.00E+00	0.00E+00	0.00E+00	0.00E+00	0.00E+00	0.00E+00	0.00E+00	0.00E+00	0.00E+00
ne20	20	10	10	6.21E-05	6.21E-05	6.21E-05	6.21E-05	6.21E-05	6.21E-05	6.21E-05	6.21E-05	6.21E-05	6.21E-05	6.21E-05	6.21E-05	6.21E-05	6.21E-05	6.21E-05	6.21E-05	6.21E-05	6.21E-05	6.20E-05	6.20E-05	6.20E-05	6.20E-05	6.20E-05	6.20E-05	6.20E-05	6.21E-05
ne21	21	10	11	1.49E-07	1.49E-07	1.49E-07	1.49E-07	1.49E-07	1.49E-07	1.49E-07	1.49E-07	1.49E-07	1.49E-07	1.49E-07	1.49E-07	1.49E-07	1.49E-07	1.49E-07	1.49E-07	1.49E-07	1.49E-07	1.49E-07	1.49E-07	1.50E-07	1.50E-07	1.51E-07	1.52E-07	1.54E-07	1.55E-07
ne22	22	10	12	4.56E-06	4.26E-06	4.26E-06	4.26E-06	4.26E-06	4.26E-06	4.26E-06	4.26E-06	4.26E-06	4.26E-06	4.27E-06	4.27E-06	4.28E-06	4.28E-06	4.29E-06	4.29E-06	4.29E-06	4.31E-06	4.94E-06	6.35E-06	8.90E-06	1.25E-05	1.72E-05	2.29E-05	2.95E-05	3.59E-05
ne23	23	10	13	0.00E+00	0.00E+00	0.00E+00	0.00E+00	0.00E+00	0.00E+00	0.00E+00	0.00E+00	0.00E+00	0.00E+00	0.00E+00	0.00E+00	0.00E+00	0.00E+00	0.00E+00	0.00E+00	0.00E+00	0.00E+00	0.00E+00	0.00E+00	0.00E+00	0.00E+00	0.00E+00	0.00E+00	0.00E+00	0.00E+00
na21	21	11	10	0.00E+00	0.00E+00	0.00E+00	0.00E+00	0.00E+00	0.00E+00	0.00E+00	0.00E+00	0.00E+00	0.00E+00	0.00E+00	0.00E+00	0.00E+00	0.00E+00	0.00E+00	0.00E+00	0.00E+00	0.00E+00	0.00E+00	0.00E+00	0.00E+00	0.00E+00	0.00E+00	0.00E+00	0.00E+00	0.00E+00
na22	22	11	11	0.00E+00	0.00E+00	0.00E+00	0.00E+00	0.00E+00	0.00E+00	0.00E+00	0.00E+00	0.00E+00	0.00E+00	0.00E+00	0.00E+00	0.00E+00	0.00E+00	0.00E+00	0.00E+00	0.00E+00	0.00E+00	0.00E+00	0.00E+00	0.00E+00	0.00E+00	0.00E+00	0.00E+00	0.00E+00	5.76E-28
na23	23	11	12	1.46E-06	1.77E-06	1.77E-06	1.77E-06	1.77E-06	1.77E-06	1.77E-06	1.76E-06	1.76E-06	1.76E-06	1.76E-06	1.75E-06	1.74E-06	1.74E-06	1.74E-06	1.74E-06	1.73E-06	1.73E-06	1.74E-06	1.75E-06	1.78E-06	1.82E-06	1.88E-06	1.96E-06	2.06E-06	2.16E-06
na24	24	11	13	0.00E+00	0.00E+00	0.00E+00	0.00E+00	0.00E+00	0.00E+00	0.00E+00	0.00E+00	0.00E+00	0.00E+00	0.00E+00	0.00E+00	0.00E+00	0.00E+00	0.00E+00	0.00E+00	0.00E+00	0.00E+00	0.00E+00	0.00E+00	0.00E+00	0.00E+00	0.00E+00	0.00E+00	0.00E+00	0.00E+00
mg23	23	12	11	0.00E+00	0.00E+00	0.00E+00	0.00E+00	0.00E+00	0.00E+00	0.00E+00	0.00E+00	0.00E+00	0.00E+00	0.00E+00	0.00E+00	0.00E+00	0.00E+00	0.00E+00	0.00E+00	0.00E+00	0.00E+00	0.00E+00	0.00E+00	0.00E+00	0.00E+00	0.00E+00	0.00E+00	0.00E+00	0.00E+00
mg24	24	12	12	2.47E-05	2.47E-05	2.47E-05	2.47E-05	2.47E-05	2.47E-05	2.47E-05	2.47E-05	2.47E-05	2.47E-05	2.47E-05	2.47E-05	2.47E-05	2.47E-05	2.47E-05	2.47E-05	2.47E-05	2.47E-05	2.47E-05	2.47E-05	2.47E-05	2.47E-05	2.47E-05	2.47E-05	2.47E-05	2.48E-05
mg25	25	12	13	3.12E-06	3.12E-06	3.12E-06	3.12E-06	3.12E-06	3.12E-06	3.12E-06	3.12E-06	3.12E-06	3.12E-06	3.12E-06	3.12E-06	3.12E-06	3.12E-06	3.12E-06	3.12E-06	3.12E-06	3.12E-06	3.12E-06	3.12E-06	3.12E-06	3.12E-06	3.12E-06	3.13E-06	3.14E-06	3.16E-06
mg26	26	12	14	3.44E-06	3.44E-06	3.44E-06	3.44E-06	3.44E-06	3.44E-06	3.44E-06	3.44E-06	3.44E-06	3.44E-06	3.44E-06	3.44E-06	3.44E-06	3.44E-06	3.44E-06	3.44E-06	3.44E-06	3.44E-06	3.44E-06	3.43E-06	3.43E-06	3.43E-06	3.43E-06	3.43E-06	3.43E-06	3.43E-06
mg27	27	12	15	0.00E+00	0.00E+00	0.00E+00	0.00E+00	0.00E+00	0.00E+00	0.00E+00	0.00E+00	0.00E+00	0.00E+00	0.00E+00	0.00E+00	0.00E+00	0.00E+00	0.00E+00	0.00E+00	0.00E+00	0.00E+00	0.00E+00	0.00E+00	0.00E+00	0.00E+00	0.00E+00	0.00E+00	0.00E+00	0.00E+00
al25	25	13	12	0.00E+00	0.00E+00	0.00E+00	0.00E+00	0.00E+00	0.00E+00	0.00E+00	0.00E+00	0.00E+00	0.00E+00	0.00E+00	0.00E+00	0.00E+00	0.00E+00	0.00E+00	0.00E+00	0.00E+00	0.00E+00	0.00E+00	0.00E+00	0.00E+00	0.00E+00	0.00E+00	0.00E+00	0.00E+00	0.00E+00
al-6	26	13	13	0.00E+00	6.50E-18	8.25E-18	1.99E-17	1.82E-17	1.64E-17	1.89E-17	2.09E-17	3.16E-17	4.07E-16	2.83E-14	4.03E-12	1.13E-11	1.62E-11	3.34E-11	8.15E-11	1.84E-10	6.86E-10	1.24E-09	1.84E-09	2.53E-09	3.30E-09	4.12E-09	4.90E-09	5.64E-09	6.36E-09
al*6	26	13	13	0.00E+00	0.00E+00	0.00E+00	0.00E+00	0.00E+00	0.00E+00	0.00E+00	0.00E+00	0.00E+00	0.00E+00	0.00E+00	0.00E+00	0.00E+00	0.00E+00	0.00E+00	0.00E+00	0.00E+00	0.00E+00	0.00E+00	0.00E+00	0.00E+00	0.00E+00	0.00E+00	0.00E+00	0.00E+00	0.00E+00
al27	27	13	14	2.11E-06	2.11E-06	2.11E-06	2.11E-06	2.11E-06	2.11E-06	2.11E-06	2.11E-06	2.11E-06	2.11E-06	2.11E-06	2.11E-06	2.11E-06	2.11E-06	2.11E-06	2.11E-06	2.11E-06	2.11E-06	2.12E-06	2.12E-06	2.13E-06	2.13E-06	2.14E-06	2.16E-06	2.17E-06	2.18E-06
al28	28	13	15	0.00E+00	0.00E+00	0.00E+00	0.00E+00	0.00E+00	0.00E+00	0.00E+00	0.00E+00	0.00E+00	0.00E+00	0.00E+00	0.00E+00	0.00E+00	0.00E+00	0.00E+00	0.00E+00	0.00E+00	0.00E+00	0.00E+00	0.00E+00	0.00E+00	0.00E+00	0.00E+00	0.00E+00	0.00E+00	0.00E+00
si27	27	14	13	0.00E+00	0.00E+00	0.00E+00	0.00E+00	0.00E+00	0.00E+00	0.00E+00	0.00E+00	0.00E+00	0.00E+00	0.00E+00	0.00E+00	0.00E+00	0.00E+00	0.00E+00	0.00E+00	0.00E+00	0.00E+00	0.00E+00	0.00E+00	0.00E+00	0.00E+00	0.00E+00	0.00E+00	0.00E+00	0.00E+00
si28	28	14	14	2.34E-05	2.34E-05	2.34E-05	2.34E-05	2.34E-05	2.34E-05	2.34E-05	2.34E-05	2.34E-05	2.34E-05	2.34E-05	2.34E-05	2.34E-05	2.34E-05	2.34E-05	2.34E-05	2.34E-05	2.34E-05	2.34E-05	2.34E-05	2.34E-05	2.34E-05	2.34E-05	2.34E-05	2.34E-05	2.34E-05
si29	29	14	15	1.19E-06	1.19E-06	1.19E-06	1.19E-06	1.19E-06	1.19E-06	1.19E-06	1.19E-06	1.19E-06	1.19E-06	1.19E-06	1.19E-06	1.19E-06	1.19E-06	1.19E-06	1.19E-06	1.19E-06	1.19E-06	1.19E-06	1.19E-06	1.19E-06	1.19E-06	1.19E-06	1.19E-06	1.19E-06	1.19E-06
si30	30	14	16	7.84E-07	7.84E-07	7.84E-07	7.84E-07	7.84E-07	7.84E-07	7.84E-07	7.84E-07	7.84E-07	7.84E-07	7.84E-07	7.84E-07	7.84E-07	7.84E-07	7.84E-07	7.84E-07	7.84E-07	7.84E-07	7.84E-07	7.84E-07	7.84E-07	7.85E-07	7.85E-07	7.86E-07	7.87E-07	7.88E-07
p31	31	15	16	2.11E-07	2.11E-07	2.11E-07	2.11E-07	2.11E-07	2.11E-07	2.11E-07	2.11E-07	2.11E-07	2.11E-07	2.11E-07	2.11E-07	2.11E-07	2.11E-07	2.11E-07	2.11E-07	2.11E-07	2.11E-07	2.11E-07	2.12E-07	2.13E-07	2.14E-07	2.15E-07	2.17E-07	2.20E-07	2.22E-07
p32	32	15	17	0.00E+00	0.00E+00	0.00E+00	0.00E+00	0.00E+00	0.00E+00	0.00E+00	0.00E+00	0.00E+00	0.00E+00	0.00E+00	0.00E+00	0.00E+00	0.00E+00	0.00E+00	0.00E+00	0.00E+00	0.00E+00	0.00E+00	0.00E+00	0.00E+00	0.00E+00	0.00E+00	0.00E+00	0.00E+00	0.00E+00
p33	33	15	18	0.00E+00	0.00E+00	0.00E+00	0.00E+00	0.00E+00	0.00E+00	0.00E+00	0.00E+00	0.00E+00	0.00E+00	0.00E+00	0.00E+00	0.00E+00	0.00E+00	0.00E+00	0.00E+00	0.00E+00	0.00E+00	0.00E+00	0.00E+00	0.00E+00	0.00E+00	0.00E+00	0.00E+00	0.00E+00	0.00E+00
s32	32	16	16	9.82E-06	9.82E-06	9.82E-06	9.82E-06	9.82E-06	9.82E-06	9.82E-06	9.82E-06	9.82E-06	9.82E-06	9.82E-06	9.82E-06	9.82E-06	9.82E-06	9.82E-06	9.82E-06	9.82E-06	9.82E-06	9.82E-06	9.82E-06	9.81E-06	9.81E-06	9.81E-06	9.81E-06	9.81E-06	9.81E-06
s33	33	16	17	7.86E-08	7.86E-08	7.86E-08	7.86E-08	7.86E-08	7.86E-08	7.86E-08	7.86E-08	7.86E-08	7.86E-08	7.86E-08	7.86E-08	7.86E-08	7.86E-08	7.86E-08	7.86E-08	7.86E-08	7.86E-08	7.86E-08	7.87E-08	7.88E-08	7.89E-08	7.90E-08	7.92E-08	7.95E-08	7.98E-08
s34	34	16	18	4.44E-07	4.44E-07	4.44E-07	4.44E-07	4.44E-07	4.44E-07	4.44E-07	4.44E-07	4.44E-07	4.44E-07	4.44E-07	4.44E-07	4.44E-07	4.44E-07	4.44E-07	4.44E-07	4.44E-07	4.44E-07	4.44E-07	4.44E-07	4.44E-07	4.44E-07	4.44E-07	4.44E-07	4.44E-07	4.44E-07
s35	35	16	19	0.00E+00	0.00E+00	0.00E+00	0.00E+00	0.00E+00	0.00E+00	0.00E+00	0.00E+00	0.00E+00	0.00E+00	0.00E+00	0.00E+00	0.00E+00	0.00E+00	0.00E+00	0.00E+00	0.00E+00	0.00E+00	0.00E+00	0.00E+00	0.00E+00	0.00E+00	0.00E+00	0.00E+00	0.00E+00	0.00E+00
s36	36	16	20	2.07E-09	2.07E-09	2.07E-09	2.07E-09	2.07E-09	2.07E-09	2.07E-09	2.07E-09	2.07E-09	2.07E-09	2.07E-09	2.07E-09	2.07E-09	2.07E-09	2.07E-09	2.07E-09	2.07E-09	2.07E-09	2.07E-09	2.08E-09	2.11E-09	2.14E-09	2.17E-09	2.22E-09	2.27E-09	2.33E-09
cl35	35	17	18	9.21E-08	9.21E-08	9.21E-08	9.21E-08	9.21E-08	9.21E-08	9.21E-08	9.21E-08	9.21E-08	9.21E-08	9.21E-08	9.21E-08	9.21E-08	9.21E-08	9.21E-08	9.21E-08	9.21E-08	9.21E-08	9.21E-08	9.20E-08	9.20E-08	9.20E-08	9.20E-08	9.19E-08	9.19E-08	9.18E-08
cl36	36	17	19	0.00E+00	5.52E-33	5.83E-33	2.91E-30	3.16E-30	2.50E-30	1.86E-30	1.35E-30	1.05E-30	1.01E-30	1.37E-30	1.15E-28	4.35E-28	3.34E-28	3.98E-28	3.58E-27	1.58E-25	4.99E-14	1.79E-12	4.09E-12	7.30E-12	1.14E-11	1.63E-11	2.28E-11	3.04E-11	3.73E-11
cl37	37	17	20	2.94E-08	2.94E-08	2.94E-08	2.94E-08	2.94E-08	2.94E-08	2.94E-08	2.94E-08	2.94E-08	2.94E-08	2.94E-08	2.94E-08	2.94E-08	2.94E-08	2.94E-08	2.94E-08	2.94E-08	2.94E-08	2.95E-08	2.95E-08	2.97E-08	2.99E-08	3.01E-08	3.04E-08	3.07E-08	3.11E-08
ar36	36	18	18	1.67E-06	1.67E-06	1.67E-06	1.67E-06	1.67E-06	1.67E-06	1.67E-06	1.67E-06	1.67E-06	1.67E-06	1.67E-06	1.67E-06	1.67E-06	1.67E-06	1.67E-06	1.67E-06	1.67E-06	1.67E-06	1.67E-06	1.67E-06	1.67E-06	1.67E-06	1.67E-06	1.67E-06	1.66E-06	1.66E-06
ar37	37	18	19	0.00E+00	0.00E+00	0.00E+00	0.00E+00	0.00E+00	0.00E+00	0.00E+00	0.00E+00	0.00E+00	0.00E+00	0.00E+00	0.00E+00	0.00E+00	0.00E+00	0.00E+00	0.00E+00	0.00E+00	0.00E+00	0.00E+00	0.00E+00	0.00E+00	0.00E+00	0.00E+00	0.00E+00	0.00E+00	0.00E+00
ar38	38	18	20	3.03E-07	3.03E-07	3.03E-07	3.03E-07	3.03E-07	3.03E-07	3.03E-07	3.03E-07	3.03E-07	3.03E-07	3.03E-07	3.03E-07	3.03E-07	3.03E-07	3.03E-07	3.03E-07	3.03E-07	3.03E-07	3.03E-07	3.03E-07	3.03E-07	3.04E-07	3.04E-07	3.04E-07	3.05E-07	3.05E-07
ar39	39	18	21	0.00E+00	0.00E+00	0.00E+00	0.00E+00	0.00E+00	0.00E+00	0.00E+00	0.00E+00	0.00E+00	0.00E+00	0.00E+00	0.00E+00	0.00E+00	0.00E+00	0.00E+00	0.00E+00	0.00E+00	0.00E+00	0.00E+00	0.00E+00	0.00E+00	0.00E+00	0.00E+00	0.00E+00	0.00E+00	4.34E-22
ar40	40	18	22	4.69E-10	5.73E-10	5.73E-10	5.72E-10	5.72E-10	5.72E-10	5.72E-10	5.71E-10	5.71E-10	5.71E-10	5.70E-10	5.67E-10	5.65E-10	5.65E-10	5.64E-10	5.63E-10	5.62E-10	5.62E-10	5.65E-10	5.75E-10	5.93E-10	6.20E-10	6.54E-10	6.96E-10	7.44E-10	7.90E-10
k39	39	19	20	8.01E-08	8.01E-08	8.01E-08	8.01E-08	8.01E-08	8.01E-08	8.01E-08	8.01E-08	8.01E-08	8.01E-08	8.01E-08	8.01E-08	8.01E-08	8.01E-08	8.01E-08	8.01E-08	8.01E-08	8.01E-08	8.01E-08	8.01E-08	8.01E-08	8.01E-08	8.02E-08	8.02E-08	8.02E-08	8.03E-08
k40	40	19	21	1.60E-10	2.44E-11	2.44E-11	2.45E-11	2.45E-11	2.45E-11	2.45E-11	2.51E-11	2.57E-11	2.57E-11	2.62E-11	2.77E-11	2.91E-11	2.93E-11	2.98E-11	3.03E-11	3.08E-11	3.12E-11	3.44E-11	4.00E-11	4.90E-11	6.13E-11	7.69E-11	9.69E-11	1.20E-10	1.43E-10
k41	41	19	22	5.78E-09	5.78E-09	5.78E-09	5.78E-09	5.78E-09	5.78E-09	5.78E-09	5.78E-09	5.78E-09	5.78E-09	5.78E-09	5.78E-09	5.78E-09	5.78E-09	5.78E-09	5.78E-09	5.78E-09	5.78E-09	5.79E-09	5.81E-09	5.83E-09	5.87E-09	5.91E-09	5.96E-09	6.02E-09	6.09E-09
ca40	40	20	20	1.35E-06	1.35E-06	1.35E-06	1.35E-06	1.35E-06	1.35E-06	1.35E-06	1.35E-06	1.35E-06	1.35E-06	1.35E-06	1.35E-06	1.35E-06	1.35E-06	1.35E-06	1.35E-06	1.35E-06	1.35E-06	1.35E-06	1.35E-06	1.35E-06	1.35E-06	1.35E-06	1.35E-06	1.35E-06	1.35E-06
ca41	41	20	21	0.00E+00	8.71E-36	1.43E-33	3.74E-30	2.71E-30	1.26E-30	5.76E-31	2.90E-31	3.36E-31	8.38E-31	3.96E-30	6.85E-26	2.40E-25	1.26E-25	3.11E-25	3.07E-24	4.32E-23	1.34E-13	3.68E-12	7.90E-12	1.40E-11	2.16E-11	3.05E-11	4.19E-11	5.41E-11	6.25E-11
ca42	42	20	22	9.02E-09	9.02E-09	9.02E-09	9.02E-09	9.02E-09	9.02E-09	9.02E-09	9.02E-09	9.02E-09	9.02E-09	9.02E-09	9.02E-09	9.02E-09	9.02E-09	9.02E-09	9.02E-09	9.02E-09	9.03E-09	9.03E-09	9.04E-09	9.06E-09	9.08E-09	9.11E-09	9.14E-09	9.18E-09	9.22E-09
ca43	43	20	23	1.88E-09	1.88E-09	1.88E-09	1.88E-09	1.88E-09	1.88E-09	1.88E-09	1.88E-09	1.88E-09	1.88E-09	1.88E-09	1.88E-09	1.88E-09	1.88E-09	1.88E-09	1.88E-09	1.88E-09	1.88E-09	1.88E-09	1.89E-09	1.89E-09	1.89E-09	1.90E-09	1.90E-09	1.91E-09	1.92E-09
ca44	44	20	24	2.91E-08	2.91E-08	2.91E-08	2.91E-08	2.91E-08	2.91E-08	2.91E-08	2.91E-08	2.91E-08	2.91E-08	2.91E-08	2.91E-08	2.91E-08	2.91E-08	2.91E-08	2.91E-08	2.91E-08	2.91E-08	2.91E-08	2.91E-08	2.91E-08	2.92E-08	2.92E-08	2.92E-08	2.93E-08	2.93E-08
ca45	45	20	25	0.00E+00	0.00E+00	0.00E+00	0.00E+00	0.00E+00	0.00E+00	0.00E+00	0.00E+00	0.00E+00	0.00E+00	0.00E+00	0.00E+00	0.00E+00	0.00E+00	0.00E+00	0.00E+00	0.00E+00	0.00E+00	0.00E+00	0.00E+00	0.00E+00	0.00E+00	0.00E+00	0.00E+00	0.00E+00	0.00E+00
ca46	46	20	26	5.58E-11	5.58E-11	5.58E-11	5.58E-11	5.58E-11	5.58E-11	5.58E-11	5.58E-11	5.58E-11	5.58E-11	5.58E-11	5.58E-11	5.58E-11	5.58E-11	5.58E-11	5.58E-11	5.58E-11	5.58E-11	5.86E-11	6.59E-11	7.95E-11	9.91E-11	1.24E-10	1.53E-10	1.86E-10	2.17E-10
ca47	47	20	27	0.00E+00	0.00E+00	0.00E+00	0.00E+00	0.00E+00	0.00E+00	0.00E+00	0.00E+00	0.00E+00	0.00E+00	0.00E+00	0.00E+00	0.00E+00	0.00E+00	0.00E+00	0.00E+00	0.00E+00	0.00E+00	0.00E+00	0.00E+00	0.00E+00	0.00E+00	0.00E+00	0.00E+00	0.00E+00	0.00E+00
ca48	48	20	28	2.61E-09	2.61E-09	2.61E-09	2.61E-09	2.61E-09	2.61E-09	2.61E-09	2.61E-09	2.61E-09	2.61E-09	2.61E-09	2.61E-09	2.61E-09	2.61E-09	2.61E-09	2.61E-09	2.61E-09	2.61E-09	2.61E-09	2.61E-09	2.61E-09	2.61E-09	2.61E-09	2.61E-09	2.61E-09	2.61E-09
sc45	45	21	24	8.03E-10	8.03E-10	8.03E-10	8.03E-10	8.03E-10	8.03E-10	8.03E-10	8.03E-10	8.03E-10	8.03E-10	8.03E-10	8.03E-10	8.03E-10	8.03E-10	8.03E-10	8.03E-10	8.03E-10	8.03E-10	8.04E-10	8.06E-10	8.10E-10	8.16E-10	8.24E-10	8.33E-10	8.44E-10	8.55E-10
sc46	46	21	25	0.00E+00	0.00E+00	0.00E+00	0.00E+00	0.00E+00	0.00E+00	0.00E+00	0.00E+00	0.00E+00	0.00E+00	0.00E+00	0.00E+00	0.00E+00	0.00E+00	0.00E+00	0.00E+00	0.00E+00	0.00E+00	0.00E+00	0.00E+00	0.00E+00	0.00E+00	0.00E+00	0.00E+00	0.00E+00	0.00E+00
sc47	47	21	26	0.00E+00	0.00E+00	0.00E+00	0.00E+00	0.00E+00	0.00E+00	0.00E+00	0.00E+00	0.00E+00	0.00E+00	0.00E+00	0.00E+00	0.00E+00	0.00E+00	0.00E+00	0.00E+00	0.00E+00	0.00E+00	0.00E+00	0.00E+00	0.00E+00	0.00E+00	0.00E+00	0.00E+00	0.00E+00	0.00E+00
sc48	48	21	27	4.75E-31	4.75E-31	4.75E-31	4.75E-31	4.75E-31	4.75E-31	4.75E-31	4.75E-31	4.75E-31	4.75E-31	4.75E-31	4.75E-31	4.75E-31	4.75E-31	4.75E-31	4.75E-31	4.75E-31	4.75E-31	4.75E-31	4.75E-31	4.75E-31	4.75E-31	4.74E-31	4.74E-31	4.74E-31	4.74E-31
ti46	46	22	24	4.80E-09	4.80E-09	4.80E-09	4.80E-09	4.80E-09	4.80E-09	4.80E-09	4.80E-09	4.80E-09	4.80E-09	4.80E-09	4.80E-09	4.80E-09	4.80E-09	4.80E-09	4.80E-09	4.80E-09	4.80E-09	4.80E-09	4.80E-09	4.80E-09	4.81E-09	4.81E-09	4.82E-09	4.82E-09	4.83E-09
ti47	47	22	25	4.33E-09	4.33E-09	4.33E-09	4.33E-09	4.33E-09	4.33E-09	4.33E-09	4.33E-09	4.33E-09	4.33E-09	4.33E-09	4.33E-09	4.33E-09	4.33E-09	4.33E-09	4.33E-09	4.33E-09	4.33E-09	4.33E-09	4.33E-09	4.33E-09	4.33E-09	4.32E-09	4.32E-09	4.32E-09	4.32E-09
ti48	48	22	26	4.29E-08	4.29E-08	4.29E-08	4.29E-08	4.29E-08	4.29E-08	4.29E-08	4.29E-08	4.29E-08	4.29E-08	4.29E-08	4.29E-08	4.29E-08	4.29E-08	4.29E-08	4.29E-08	4.29E-08	4.29E-08	4.29E-08	4.29E-08	4.28E-08	4.28E-08	4.28E-08	4.28E-08	4.27E-08	4.27E-08
ti49	49	22	27	3.15E-09	3.15E-09	3.15E-09	3.15E-09	3.15E-09	3.15E-09	3.15E-09	3.15E-09	3.15E-09	3.15E-09	3.15E-09	3.15E-09	3.15E-09	3.15E-09	3.15E-09	3.15E-09	3.15E-09	3.15E-09	3.15E-09	3.16E-09	3.18E-09	3.19E-09	3.22E-09	3.25E-09	3.29E-09	3.32E-09
ti50	50	22	28	3.01E-09	3.01E-09	3.01E-09	3.01E-09	3.01E-09	3.01E-09	3.01E-09	3.01E-09	3.01E-09	3.01E-09	3.01E-09	3.01E-09	3.01E-09	3.01E-09	3.01E-09	3.01E-09	3.01E-09	3.01E-09	3.02E-09	3.04E-09	3.08E-09	3.14E-09	3.21E-09	3.30E-09	3.39E-09	3.48E-09
v51	51	23	28	6.51E-09	6.51E-09	6.51E-09	6.51E-09	6.51E-09	6.51E-09	6.51E-09	6.51E-09	6.51E-09	6.51E-09	6.51E-09	6.51E-09	6.51E-09	6.51E-09	6.51E-09	6.51E-09	6.51E-09	6.51E-09	6.51E-09	6.51E-09	6.50E-09	6.50E-09	6.50E-09	6.49E-09	6.48E-09	6.48E-09
cr52	52	24	28	2.62E-07	2.62E-07	2.62E-07	2.62E-07	2.62E-07	2.62E-07	2.62E-07	2.62E-07	2.62E-07	2.62E-07	2.62E-07	2.62E-07	2.62E-07	2.62E-07	2.62E-07	2.62E-07	2.62E-07	2.62E-07	2.62E-07	2.62E-07	2.62E-07	2.62E-07	2.61E-07	2.61E-07	2.61E-07	2.61E-07
cr53	53	24	29	2.97E-08	2.97E-08	2.97E-08	2.97E-08	2.97E-08	2.97E-08	2.97E-08	2.97E-08	2.97E-08	2.97E-08	2.97E-08	2.97E-08	2.97E-08	2.97E-08	2.97E-08	2.97E-08	2.97E-08	2.97E-08	2.97E-08	2.97E-08	2.97E-08	2.96E-08	2.96E-08	2.96E-08	2.96E-08	2.96E-08
cr54	54	24	30	7.39E-09	7.39E-09	7.39E-09	7.39E-09	7.39E-09	7.39E-09	7.39E-09	7.39E-09	7.39E-09	7.39E-09	7.39E-09	7.39E-09	7.39E-09	7.39E-09	7.39E-09	7.39E-09	7.39E-09	7.39E-09	7.40E-09	7.41E-09	7.44E-09	7.47E-09	7.52E-09	7.57E-09	7.64E-09	7.71E-09
mn55	55	25	30	2.16E-07	2.16E-07	2.16E-07	2.16E-07	2.16E-07	2.16E-07	2.16E-07	2.16E-07	2.16E-07	2.16E-07	2.16E-07	2.16E-07	2.16E-07	2.16E-07	2.16E-07	2.16E-07	2.16E-07	2.16E-07	2.16E-07	2.16E-07	2.16E-07	2.17E-07	2.17E-07	2.17E-07	2.18E-07	2.18E-07
fe54	54	26	28	1.45E-06	1.45E-06	1.45E-06	1.45E-06	1.45E-06	1.45E-06	1.45E-06	1.45E-06	1.45E-06	1.45E-06	1.45E-06	1.45E-06	1.45E-06	1.45E-06	1.45E-06	1.45E-06	1.45E-06	1.45E-06	1.45E-06	1.45E-06	1.45E-06	1.45E-06	1.45E-06	1.45E-06	1.44E-06	1.44E-06
fe55	55	26	29	0.00E+00	0.00E+00	0.00E+00	0.00E+00	0.00E+00	0.00E+00	0.00E+00	0.00E+00	0.00E+00	0.00E+00	0.00E+00	0.00E+00	0.00E+00	0.00E+00	0.00E+00	0.00E+00	0.00E+00	0.00E+00	0.00E+00	0.00E+00	0.00E+00	0.00E+00	0.00E+00	0.00E+00	0.00E+00	1.30E-36
fe56	56	26	30	2.28E-05	2.28E-05	2.28E-05	2.28E-05	2.28E-05	2.28E-05	2.28E-05	2.28E-05	2.28E-05	2.28E-05	2.28E-05	2.28E-05	2.28E-05	2.28E-05	2.28E-05	2.28E-05	2.28E-05	2.28E-05	2.28E-05	2.28E-05	2.28E-05	2.27E-05	2.27E-05	2.27E-05	2.27E-05	2.27E-05
fe57	57	26	31	5.26E-07	5.26E-07	5.26E-07	5.26E-07	5.26E-07	5.26E-07	5.26E-07	5.26E-07	5.26E-07	5.26E-07	5.26E-07	5.26E-07	5.26E-07	5.26E-07	5.26E-07	5.26E-07	5.26E-07	5.26E-07	5.26E-07	5.27E-07	5.28E-07	5.29E-07	5.31E-07	5.34E-07	5.37E-07	5.41E-07
fe58	58	26	32	7.00E-08	7.00E-08	7.00E-08	7.00E-08	7.00E-08	7.00E-08	7.00E-08	7.00E-08	7.00E-08	7.00E-08	7.00E-08	7.00E-08	7.00E-08	7.00E-08	7.00E-08	7.00E-08	7.00E-08	7.00E-08	7.02E-08	7.08E-08	7.16E-08	7.28E-08	7.42E-08	7.60E-08	7.82E-08	8.05E-08
fe59	59	26	33	0.00E+00	0.00E+00	0.00E+00	0.00E+00	0.00E+00	0.00E+00	0.00E+00	0.00E+00	0.00E+00	0.00E+00	0.00E+00	0.00E+00	0.00E+00	0.00E+00	0.00E+00	0.00E+00	0.00E+00	0.00E+00	0.00E+00	0.00E+00	0.00E+00	0.00E+00	0.00E+00	0.00E+00	0.00E+00	0.00E+00
fe60	60	26	34	0.00E+00	0.00E+00	0.00E+00	0.00E+00	0.00E+00	0.00E+00	0.00E+00	0.00E+00	0.00E+00	0.00E+00	0.00E+00	0.00E+00	0.00E+00	0.00E+00	0.00E+00	0.00E+00	0.00E+00	1.91E-16	2.93E-13	6.18E-13	9.96E-13	1.43E-12	1.97E-12	2.84E-12	4.16E-12	5.87E-12
co59	59	27	32	5.30E-08	5.30E-08	5.30E-08	5.30E-08	5.30E-08	5.30E-08	5.30E-08	5.30E-08	5.30E-08	5.30E-08	5.30E-08	5.30E-08	5.30E-08	5.30E-08	5.30E-08	5.30E-08	5.30E-08	5.30E-08	5.31E-08	5.32E-08	5.34E-08	5.37E-08	5.41E-08	5.46E-08	5.51E-08	5.57E-08
co60	60	27	33	0.00E+00	0.00E+00	0.00E+00	0.00E+00	0.00E+00	0.00E+00	0.00E+00	0.00E+00	0.00E+00	0.00E+00	0.00E+00	0.00E+00	0.00E+00	0.00E+00	0.00E+00	0.00E+00	0.00E+00	3.84E-22	5.90E-19	1.25E-18	2.01E-18	2.87E-18	3.97E-18	5.72E-18	8.38E-18	1.18E-17
ni58	58	28	30	7.72E-07	7.72E-07	7.72E-07	7.72E-07	7.72E-07	7.72E-07	7.72E-07	7.72E-07	7.72E-07	7.72E-07	7.72E-07	7.72E-07	7.72E-07	7.72E-07	7.72E-07	7.72E-07	7.72E-07	7.72E-07	7.72E-07	7.72E-07	7.71E-07	7.71E-07	7.70E-07	7.69E-07	7.69E-07	7.68E-07
ni59	59	28	31	0.00E+00	1.82E-36	1.62E-33	3.41E-30	2.07E-30	7.66E-31	3.08E-31	1.63E-31	3.03E-31	9.21E-31	2.48E-30	5.81E-28	2.08E-27	7.10E-28	1.04E-27	2.05E-26	1.22E-24	4.96E-13	1.73E-11	3.44E-11	5.93E-11	9.07E-11	1.29E-10	1.84E-10	2.47E-10	2.90E-10
ni60	60	28	32	2.97E-07	2.97E-07	2.97E-07	2.97E-07	2.97E-07	2.97E-07	2.97E-07	2.97E-07	2.97E-07	2.97E-07	2.97E-07	2.97E-07	2.97E-07	2.97E-07	2.97E-07	2.97E-07	2.97E-07	2.97E-07	2.97E-07	2.97E-07	2.97E-07	2.98E-07	2.98E-07	2.98E-07	2.98E-07	2.98E-07
ni61	61	28	33	1.29E-08	1.29E-08	1.29E-08	1.29E-08	1.29E-08	1.29E-08	1.29E-08	1.29E-08	1.29E-08	1.29E-08	1.29E-08	1.29E-08	1.29E-08	1.29E-08	1.29E-08	1.29E-08	1.29E-08	1.29E-08	1.30E-08	1.30E-08	1.31E-08	1.32E-08	1.34E-08	1.36E-08	1.38E-08	1.41E-08
ni62	62	28	34	4.12E-08	4.12E-08	4.12E-08	4.12E-08	4.12E-08	4.12E-08	4.12E-08	4.12E-08	4.12E-08	4.12E-08	4.12E-08	4.12E-08	4.12E-08	4.12E-08	4.12E-08	4.12E-08	4.12E-08	4.12E-08	4.12E-08	4.13E-08	4.14E-08	4.16E-08	4.17E-08	4.20E-08	4.23E-08	4.26E-08
ni63	63	28	35	0.00E+00	0.00E+00	0.00E+00	0.00E+00	0.00E+00	0.00E+00	0.00E+00	0.00E+00	0.00E+00	0.00E+00	0.00E+00	0.00E+00	0.00E+00	0.00E+00	0.00E+00	0.00E+00	0.00E+00	0.00E+00	0.00E+00	0.00E+00	0.00E+00	0.00E+00	0.00E+00	0.00E+00	0.00E+00	4.20E-22
ni64	64	28	36	1.05E-08	1.05E-08	1.05E-08	1.05E-08	1.05E-08	1.05E-08	1.05E-08	1.05E-08	1.05E-08	1.05E-08	1.05E-08	1.05E-08	1.05E-08	1.05E-08	1.05E-08	1.05E-08	1.05E-08	1.05E-08	1.05E-08	1.06E-08	1.09E-08	1.12E-08	1.16E-08	1.20E-08	1.26E-08	1.31E-08
cu63	63	29	34	8.80E-09	8.80E-09	8.80E-09	8.80E-09	8.80E-09	8.80E-09	8.80E-09	8.80E-09	8.80E-09	8.80E-09	8.80E-09	8.80E-09	8.80E-09	8.80E-09	8.80E-09	8.80E-09	8.80E-09	8.80E-09	8.81E-09	8.84E-09	8.88E-09	8.94E-09	9.02E-09	9.11E-09	9.21E-09	9.32E-09
cu64	64	29	35	0.00E+00	0.00E+00	0.00E+00	0.00E+00	0.00E+00	0.00E+00	0.00E+00	0.00E+00	0.00E+00	0.00E+00	0.00E+00	0.00E+00	0.00E+00	0.00E+00	0.00E+00	0.00E+00	0.00E+00	0.00E+00	0.00E+00	0.00E+00	0.00E+00	0.00E+00	0.00E+00	0.00E+00	0.00E+00	0.00E+00
cu65	65	29	36	3.92E-09	3.92E-09	3.92E-09	3.92E-09	3.92E-09	3.92E-09	3.92E-09	3.92E-09	3.92E-09	3.92E-09	3.92E-09	3.92E-09	3.92E-09	3.92E-09	3.92E-09	3.92E-09	3.92E-09	3.92E-09	3.95E-09	4.01E-09	4.14E-09	4.32E-09	4.56E-09	4.85E-09	5.18E-09	5.49E-09
zn64	64	30	34	1.48E-08	1.48E-08	1.48E-08	1.48E-08	1.48E-08	1.48E-08	1.48E-08	1.48E-08	1.48E-08	1.48E-08	1.48E-08	1.48E-08	1.48E-08	1.48E-08	1.48E-08	1.48E-08	1.48E-08	1.48E-08	1.48E-08	1.49E-08	1.49E-08	1.49E-08	1.50E-08	1.51E-08	1.51E-08	1.52E-08
zn65	65	30	35	0.00E+00	0.00E+00	0.00E+00	0.00E+00	0.00E+00	0.00E+00	0.00E+00	0.00E+00	0.00E+00	0.00E+00	0.00E+00	0.00E+00	0.00E+00	0.00E+00	0.00E+00	0.00E+00	0.00E+00	0.00E+00	0.00E+00	0.00E+00	0.00E+00	0.00E+00	0.00E+00	0.00E+00	0.00E+00	0.00E+00
zn66	66	30	36	8.51E-09	8.51E-09	8.51E-09	8.51E-09	8.51E-09	8.51E-09	8.51E-09	8.51E-09	8.51E-09	8.51E-09	8.51E-09	8.51E-09	8.51E-09	8.51E-09	8.51E-09	8.51E-09	8.51E-09	8.51E-09	8.53E-09	8.59E-09	8.69E-09	8.83E-09	9.02E-09	9.26E-09	9.52E-09	9.78E-09
zn67	67	30	37	1.25E-09	1.25E-09	1.25E-09	1.25E-09	1.25E-09	1.25E-09	1.25E-09	1.25E-09	1.25E-09	1.25E-09	1.25E-09	1.25E-09	1.25E-09	1.25E-09	1.25E-09	1.25E-09	1.25E-09	1.25E-09	1.26E-09	1.27E-09	1.29E-09	1.32E-09	1.36E-09	1.42E-09	1.47E-09	1.53E-09
zn68	68	30	38	5.72E-09	5.72E-09	5.72E-09	5.72E-09	5.72E-09	5.72E-09	5.72E-09	5.72E-09	5.72E-09	5.72E-09	5.72E-09	5.72E-09	5.72E-09	5.72E-09	5.72E-09	5.72E-09	5.72E-09	5.72E-09	5.75E-09	5.81E-09	5.94E-09	6.13E-09	6.37E-09	6.68E-09	7.03E-09	7.36E-09
zn69	69	30	39	0.00E+00	0.00E+00	0.00E+00	0.00E+00	0.00E+00	0.00E+00	0.00E+00	0.00E+00	0.00E+00	0.00E+00	0.00E+00	0.00E+00	0.00E+00	0.00E+00	0.00E+00	0.00E+00	0.00E+00	0.00E+00	0.00E+00	0.00E+00	0.00E+00	0.00E+00	0.00E+00	0.00E+00	0.00E+00	0.00E+00
zn70	70	30	40	1.89E-10	1.89E-10	1.89E-10	1.89E-10	1.89E-10	1.89E-10	1.89E-10	1.89E-10	1.89E-10	1.89E-10	1.89E-10	1.89E-10	1.89E-10	1.89E-10	1.89E-10	1.89E-10	1.89E-10	1.89E-10	1.89E-10	1.90E-10	1.90E-10	1.91E-10	1.92E-10	1.93E-10	1.95E-10	1.96E-10
ga69	69	31	38	5.17E-10	5.17E-10	5.17E-10	5.17E-10	5.17E-10	5.17E-10	5.17E-10	5.17E-10	5.17E-10	5.17E-10	5.17E-10	5.17E-10	5.17E-10	5.17E-10	5.17E-10	5.17E-10	5.17E-10	5.17E-10	5.22E-10	5.34E-10	5.58E-10	5.93E-10	6.38E-10	6.93E-10	7.54E-10	8.12E-10
ga70	70	31	39	0.00E+00	0.00E+00	0.00E+00	0.00E+00	0.00E+00	0.00E+00	0.00E+00	0.00E+00	0.00E+00	0.00E+00	0.00E+00	0.00E+00	0.00E+00	0.00E+00	0.00E+00	0.00E+00	0.00E+00	0.00E+00	0.00E+00	0.00E+00	0.00E+00	0.00E+00	0.00E+00	0.00E+00	0.00E+00	0.00E+00
ga71	71	31	40	3.43E-10	3.43E-10	3.43E-10	3.43E-10	3.43E-10	3.43E-10	3.43E-10	3.43E-10	3.43E-10	3.43E-10	3.43E-10	3.43E-10	3.43E-10	3.43E-10	3.43E-10	3.43E-10	3.43E-10	3.43E-10	3.48E-10	3.61E-10	3.87E-10	4.25E-10	4.74E-10	5.35E-10	6.04E-10	6.69E-10
ge70	70	32	38	5.67E-10	5.67E-10	5.67E-10	5.67E-10	5.67E-10	5.67E-10	5.67E-10	5.67E-10	5.67E-10	5.67E-10	5.67E-10	5.67E-10	5.67E-10	5.67E-10	5.67E-10	5.67E-10	5.67E-10	5.67E-10	5.75E-10	5.98E-10	6.40E-10	7.04E-10	7.86E-10	8.87E-10	1.00E-09	1.11E-09
ge71	71	32	39	0.00E+00	0.00E+00	0.00E+00	0.00E+00	0.00E+00	0.00E+00	0.00E+00	0.00E+00	0.00E+00	0.00E+00	0.00E+00	0.00E+00	0.00E+00	0.00E+00	0.00E+00	0.00E+00	0.00E+00	0.00E+00	0.00E+00	0.00E+00	0.00E+00	0.00E+00	0.00E+00	0.00E+00	0.00E+00	0.00E+00
ge72	72	32	40	7.49E-10	7.49E-10	7.49E-10	7.49E-10	7.49E-10	7.49E-10	7.49E-10	7.49E-10	7.49E-10	7.49E-10	7.49E-10	7.49E-10	7.49E-10	7.49E-10	7.49E-10	7.49E-10	7.49E-10	7.49E-10	7.58E-10	7.82E-10	8.27E-10	8.96E-10	9.85E-10	1.10E-09	1.22E-09	1.35E-09
ge73	73	32	41	2.10E-10	2.10E-10	2.10E-10	2.10E-10	2.10E-10	2.10E-10	2.10E-10	2.10E-10	2.10E-10	2.10E-10	2.10E-10	2.10E-10	2.10E-10	2.10E-10	2.10E-10	2.10E-10	2.10E-10	2.10E-10	2.13E-10	2.19E-10	2.32E-10	2.50E-10	2.75E-10	3.06E-10	3.42E-10	3.76E-10
ge74	74	32	42	9.87E-10	9.87E-10	9.87E-10	9.87E-10	9.87E-10	9.87E-10	9.87E-10	9.87E-10	9.87E-10	9.87E-10	9.87E-10	9.87E-10	9.87E-10	9.87E-10	9.87E-10	9.87E-10	9.87E-10	9.87E-10	1.00E-09	1.05E-09	1.14E-09	1.27E-09	1.44E-09	1.66E-09	1.91E-09	2.14E-09
as75	75	33	42	1.43E-10	1.43E-10	1.43E-10	1.43E-10	1.43E-10	1.43E-10	1.43E-10	1.43E-10	1.43E-10	1.43E-10	1.43E-10	1.43E-10	1.43E-10	1.43E-10	1.43E-10	1.43E-10	1.43E-10	1.43E-10	1.44E-10	1.49E-10	1.58E-10	1.72E-10	1.90E-10	2.12E-10	2.38E-10	2.62E-10
se76	76	34	42	1.47E-10	1.47E-10	1.47E-10	1.47E-10	1.47E-10	1.47E-10	1.47E-10	1.47E-10	1.47E-10	1.47E-10	1.47E-10	1.47E-10	1.47E-10	1.47E-10	1.47E-10	1.47E-10	1.47E-10	1.47E-10	1.51E-10	1.61E-10	1.82E-10	2.13E-10	2.53E-10	3.03E-10	3.60E-10	4.14E-10
se77	77	34	43	1.19E-10	1.19E-10	1.19E-10	1.19E-10	1.19E-10	1.19E-10	1.19E-10	1.19E-10	1.19E-10	1.19E-10	1.19E-10	1.19E-10	1.19E-10	1.19E-10	1.19E-10	1.19E-10	1.19E-10	1.19E-10	1.21E-10	1.25E-10	1.34E-10	1.46E-10	1.62E-10	1.82E-10	2.04E-10	2.26E-10
se78	78	34	44	3.72E-10	3.72E-10	3.72E-10	3.72E-10	3.72E-10	3.72E-10	3.72E-10	3.72E-10	3.72E-10	3.72E-10	3.72E-10	3.72E-10	3.72E-10	3.72E-10	3.72E-10	3.72E-10	3.72E-10	3.72E-10	3.84E-10	4.19E-10	4.84E-10	5.81E-10	7.09E-10	8.68E-10	1.05E-09	1.22E-09
se79	79	34	45	0.00E+00	8.08E-36	2.35E-35	5.82E-32	5.72E-32	4.34E-32	3.21E-32	2.34E-32	1.88E-32	2.03E-32	3.11E-32	2.46E-30	9.27E-30	7.10E-30	8.40E-30	7.43E-29	3.65E-27	4.75E-16	1.53E-12	4.34E-12	8.94E-12	1.51E-11	2.30E-11	3.36E-11	4.60E-11	5.73E-11
se80	80	34	46	7.76E-10	7.76E-10	7.76E-10	7.76E-10	7.76E-10	7.76E-10	7.76E-10	7.76E-10	7.76E-10	7.76E-10	7.76E-10	7.76E-10	7.76E-10	7.76E-10	7.76E-10	7.76E-10	7.76E-10	7.76E-10	7.89E-10	8.23E-10	8.84E-10	9.73E-10	1.09E-09	1.23E-09	1.39E-09	1.55E-09
br79	79	35	44	1.26E-10	1.26E-10	1.26E-10	1.26E-10	1.26E-10	1.26E-10	1.26E-10	1.26E-10	1.26E-10	1.26E-10	1.26E-10	1.26E-10	1.26E-10	1.26E-10	1.26E-10	1.26E-10	1.26E-10	1.26E-10	1.26E-10	1.29E-10	1.33E-10	1.40E-10	1.50E-10	1.61E-10	1.75E-10	1.90E-10
br80	80	35	45	0.00E+00	0.00E+00	0.00E+00	0.00E+00	0.00E+00	0.00E+00	0.00E+00	0.00E+00	0.00E+00	0.00E+00	0.00E+00	0.00E+00	0.00E+00	0.00E+00	0.00E+00	0.00E+00	0.00E+00	0.00E+00	0.00E+00	0.00E+00	0.00E+00	0.00E+00	0.00E+00	0.00E+00	0.00E+00	0.00E+00
br81	81	35	46	1.22E-10	1.22E-10	1.22E-10	1.22E-10	1.22E-10	1.22E-10	1.22E-10	1.22E-10	1.22E-10	1.22E-10	1.22E-10	1.22E-10	1.22E-10	1.22E-10	1.22E-10	1.22E-10	1.22E-10	1.22E-10	1.25E-10	1.32E-10	1.46E-10	1.67E-10	1.94E-10	2.28E-10	2.67E-10	3.05E-10
kr80	80	36	44	2.96E-11	2.96E-11	2.96E-11	2.96E-11	2.96E-11	2.96E-11	2.96E-11	2.96E-11	2.96E-11	2.96E-11	2.96E-11	2.96E-11	2.96E-11	2.96E-11	2.96E-11	2.96E-11	2.96E-11	2.96E-11	2.99E-11	3.23E-11	3.81E-11	4.76E-11	6.03E-11	7.54E-11	9.15E-11	1.06E-10
kr81	81	36	45	0.00E+00	1.80E-35	2.78E-35	4.72E-32	4.84E-32	3.51E-32	2.39E-32	1.59E-32	1.18E-32	1.24E-32	1.94E-32	1.47E-30	5.47E-30	3.87E-30	4.57E-30	4.43E-29	2.16E-27	5.33E-16	9.88E-14	7.66E-13	2.39E-12	4.93E-12	8.24E-12	1.22E-11	1.62E-11	1.92E-11
kr82	82	36	46	1.48E-10	1.48E-10	1.48E-10	1.48E-10	1.48E-10	1.48E-10	1.48E-10	1.48E-10	1.48E-10	1.48E-10	1.48E-10	1.48E-10	1.48E-10	1.48E-10	1.48E-10	1.48E-10	1.48E-10	1.48E-10	1.57E-10	1.83E-10	2.33E-10	3.07E-10	4.05E-10	5.29E-10	6.68E-10	8.02E-10
kr83	83	36	47	1.47E-10	1.47E-10	1.47E-10	1.47E-10	1.47E-10	1.47E-10	1.47E-10	1.47E-10	1.47E-10	1.47E-10	1.47E-10	1.47E-10	1.47E-10	1.47E-10	1.47E-10	1.47E-10	1.47E-10	1.47E-10	1.49E-10	1.56E-10	1.70E-10	1.91E-10	2.19E-10	2.55E-10	2.98E-10	3.39E-10
kr84	84	36	48	7.24E-10	7.24E-10	7.24E-10	7.24E-10	7.24E-10	7.24E-10	7.24E-10	7.24E-10	7.24E-10	7.24E-10	7.24E-10	7.24E-10	7.24E-10	7.24E-10	7.24E-10	7.24E-10	7.24E-10	7.24E-10	7.43E-10	7.93E-10	8.92E-10	1.03E-09	1.22E-09	1.46E-09	1.73E-09	1.99E-09
kr-5	85	36	49	0.00E+00	0.00E+00	0.00E+00	0.00E+00	0.00E+00	0.00E+00	0.00E+00	0.00E+00	0.00E+00	0.00E+00	0.00E+00	0.00E+00	0.00E+00	0.00E+00	0.00E+00	0.00E+00	0.00E+00	0.00E+00	0.00E+00	0.00E+00	0.00E+00	0.00E+00	0.00E+00	0.00E+00	0.00E+00	2.50E-28
kr*5	85	36	49	0.00E+00	0.00E+00	0.00E+00	0.00E+00	0.00E+00	0.00E+00	0.00E+00	0.00E+00	0.00E+00	0.00E+00	0.00E+00	0.00E+00	0.00E+00	0.00E+00	0.00E+00	0.00E+00	0.00E+00	0.00E+00	0.00E+00	0.00E+00	0.00E+00	0.00E+00	0.00E+00	0.00E+00	0.00E+00	0.00E+00
kr86	86	36	50	2.19E-10	2.19E-10	2.19E-10	2.19E-10	2.19E-10	2.19E-10	2.19E-10	2.19E-10	2.19E-10	2.19E-10	2.19E-10	2.19E-10	2.19E-10	2.19E-10	2.19E-10	2.19E-10	2.19E-10	2.19E-10	2.24E-10	2.35E-10	2.57E-10	2.88E-10	3.27E-10	3.75E-10	4.31E-10	4.86E-10
rb85	85	37	48	1.16E-10	1.16E-10	1.16E-10	1.16E-10	1.16E-10	1.16E-10	1.16E-10	1.16E-10	1.16E-10	1.16E-10	1.16E-10	1.16E-10	1.16E-10	1.16E-10	1.16E-10	1.16E-10	1.16E-10	1.16E-10	1.20E-10	1.28E-10	1.43E-10	1.66E-10	1.95E-10	2.34E-10	2.78E-10	3.23E-10
rb86	86	37	49	0.00E+00	0.00E+00	0.00E+00	0.00E+00	0.00E+00	0.00E+00	0.00E+00	0.00E+00	0.00E+00	0.00E+00	0.00E+00	0.00E+00	0.00E+00	0.00E+00	0.00E+00	0.00E+00	0.00E+00	0.00E+00	0.00E+00	0.00E+00	0.00E+00	0.00E+00	0.00E+00	0.00E+00	0.00E+00	0.00E+00
rb87	87	37	50	5.10E-11	5.01E-11	5.01E-11	5.01E-11	5.01E-11	5.01E-11	5.01E-11	5.01E-11	5.01E-11	5.01E-11	5.01E-11	5.01E-11	5.01E-11	5.01E-11	5.01E-11	5.01E-11	5.01E-11	5.01E-11	5.03E-11	5.09E-11	5.17E-11	5.30E-11	5.48E-11	5.74E-11	6.09E-11	6.49E-11
sr86	86	38	48	5.36E-11	5.36E-11	5.36E-11	5.36E-11	5.36E-11	5.36E-11	5.36E-11	5.36E-11	5.36E-11	5.36E-11	5.36E-11	5.36E-11	5.36E-11	5.36E-11	5.36E-11	5.36E-11	5.36E-11	5.36E-11	6.07E-11	8.14E-11	1.22E-10	1.81E-10	2.57E-10	3.53E-10	4.60E-10	5.64E-10
sr87	87	38	49	3.42E-11	3.51E-11	3.51E-11	3.51E-11	3.51E-11	3.51E-11	3.51E-11	3.51E-11	3.51E-11	3.51E-11	3.51E-11	3.51E-11	3.51E-11	3.51E-11	3.51E-11	3.51E-11	3.51E-11	3.51E-11	3.98E-11	5.29E-11	7.87E-11	1.16E-10	1.64E-10	2.26E-10	2.95E-10	3.63E-10
sr88	88	38	50	4.49E-10	4.49E-10	4.49E-10	4.49E-10	4.49E-10	4.49E-10	4.49E-10	4.49E-10	4.49E-10	4.49E-10	4.49E-10	4.49E-10	4.49E-10	4.49E-10	4.49E-10	4.49E-10	4.49E-10	4.49E-10	5.32E-10	7.65E-10	1.22E-09	1.87E-09	2.71E-09	3.75E-09	4.93E-09	6.05E-09
sr89	89	38	51	0.00E+00	0.00E+00	0.00E+00	0.00E+00	0.00E+00	0.00E+00	0.00E+00	0.00E+00	0.00E+00	0.00E+00	0.00E+00	0.00E+00	0.00E+00	0.00E+00	0.00E+00	0.00E+00	0.00E+00	0.00E+00	0.00E+00	0.00E+00	0.00E+00	0.00E+00	0.00E+00	0.00E+00	0.00E+00	0.00E+00
sr90	90	38	52	0.00E+00	0.00E+00	0.00E+00	0.00E+00	0.00E+00	0.00E+00	0.00E+00	0.00E+00	0.00E+00	0.00E+00	0.00E+00	0.00E+00	0.00E+00	0.00E+00	0.00E+00	0.00E+00	0.00E+00	0.00E+00	0.00E+00	0.00E+00	0.00E+00	0.00E+00	0.00E+00	0.00E+00	0.00E+00	2.13E-32
y89	89	39	50	1.06E-10	1.06E-10	1.06E-10	1.06E-10	1.06E-10	1.06E-10	1.06E-10	1.06E-10	1.06E-10	1.06E-10	1.06E-10	1.06E-10	1.06E-10	1.06E-10	1.06E-10	1.06E-10	1.06E-10	1.06E-10	1.30E-10	1.98E-10	3.28E-10	5.18E-10	7.62E-10	1.06E-09	1.40E-09	1.73E-09
y90	90	39	51	0.00E+00	0.00E+00	0.00E+00	0.00E+00	0.00E+00	0.00E+00	0.00E+00	0.00E+00	0.00E+00	0.00E+00	0.00E+00	0.00E+00	0.00E+00	0.00E+00	0.00E+00	0.00E+00	0.00E+00	0.00E+00	0.00E+00	0.00E+00	0.00E+00	0.00E+00	0.00E+00	0.00E+00	0.00E+00	5.39E-36
y91	91	39	52	0.00E+00	0.00E+00	0.00E+00	0.00E+00	0.00E+00	0.00E+00	0.00E+00	0.00E+00	0.00E+00	0.00E+00	0.00E+00	0.00E+00	0.00E+00	0.00E+00	0.00E+00	0.00E+00	0.00E+00	0.00E+00	0.00E+00	0.00E+00	0.00E+00	0.00E+00	0.00E+00	0.00E+00	0.00E+00	0.00E+00
zr90	90	40	50	1.25E-10	1.25E-10	1.25E-10	1.25E-10	1.25E-10	1.25E-10	1.25E-10	1.25E-10	1.25E-10	1.25E-10	1.25E-10	1.25E-10	1.25E-10	1.25E-10	1.25E-10	1.25E-10	1.25E-10	1.25E-10	1.51E-10	2.25E-10	3.68E-10	5.78E-10	8.45E-10	1.17E-09	1.53E-09	1.87E-09
zr91	91	40	51	2.72E-11	2.72E-11	2.72E-11	2.72E-11	2.72E-11	2.72E-11	2.72E-11	2.72E-11	2.72E-11	2.72E-11	2.72E-11	2.72E-11	2.72E-11	2.72E-11	2.72E-11	2.72E-11	2.72E-11	2.72E-11	3.30E-11	4.95E-11	8.12E-11	1.28E-10	1.88E-10	2.62E-10	3.46E-10	4.26E-10
zr92	92	40	52	4.16E-11	4.16E-11	4.16E-11	4.16E-11	4.16E-11	4.16E-11	4.16E-11	4.16E-11	4.16E-11	4.16E-11	4.16E-11	4.16E-11	4.16E-11	4.16E-11	4.16E-11	4.16E-11	4.16E-11	4.16E-11	5.10E-11	7.80E-11	1.29E-10	2.05E-10	3.01E-10	4.18E-10	5.49E-10	6.73E-10
zr93	93	40	53	0.00E+00	1.12E-31	1.11E-31	1.42E-31	1.43E-31	1.37E-31	1.29E-31	1.19E-31	1.11E-31	1.05E-31	1.01E-31	5.14E-31	1.75E-30	1.68E-30	2.10E-30	1.29E-29	5.68E-28	1.20E-16	3.15E-12	1.19E-11	2.81E-11	5.16E-11	8.10E-11	1.16E-10	1.56E-10	1.92E-10
zr94	94	40	54	4.21E-11	4.21E-11	4.21E-11	4.21E-11	4.21E-11	4.21E-11	4.21E-11	4.21E-11	4.21E-11	4.21E-11	4.21E-11	4.21E-11	4.21E-11	4.21E-11	4.21E-11	4.21E-11	4.21E-11	4.21E-11	5.62E-11	9.69E-11	1.73E-10	2.86E-10	4.27E-10	5.97E-10	7.83E-10	9.58E-10
zr95	95	40	55	0.00E+00	0.00E+00	0.00E+00	0.00E+00	0.00E+00	0.00E+00	0.00E+00	0.00E+00	0.00E+00	0.00E+00	0.00E+00	0.00E+00	0.00E+00	0.00E+00	0.00E+00	0.00E+00	0.00E+00	0.00E+00	0.00E+00	0.00E+00	0.00E+00	0.00E+00	0.00E+00	0.00E+00	0.00E+00	0.00E+00
zr96	96	40	56	6.79E-12	6.79E-12	6.79E-12	6.79E-12	6.79E-12	6.79E-12	6.79E-12	6.79E-12	6.79E-12	6.79E-12	6.79E-12	6.79E-12	6.79E-12	6.79E-12	6.79E-12	6.79E-12	6.79E-12	6.79E-12	6.89E-12	7.01E-12	7.17E-12	7.38E-12	7.66E-12	8.10E-12	8.74E-12	9.52E-12
nb93	93	41	52	1.84E-11	1.84E-11	1.84E-11	1.84E-11	1.84E-11	1.84E-11	1.84E-11	1.84E-11	1.84E-11	1.84E-11	1.84E-11	1.84E-11	1.84E-11	1.84E-11	1.84E-11	1.84E-11	1.84E-11	1.84E-11	1.85E-11	1.91E-11	2.04E-11	2.26E-11	2.59E-11	3.03E-11	3.56E-11	4.19E-11
nb94	94	41	53	0.00E+00	0.00E+00	8.21E-37	1.65E-34	1.70E-35	3.35E-36	3.59E-36	4.38E-36	1.12E-35	3.01E-35	7.53E-35	1.95E-33	7.05E-33	1.08E-33	1.08E-32	1.74E-31	5.74E-30	1.72E-20	4.33E-19	1.66E-17	9.91E-17	8.23E-17	1.02E-16	1.49E-16	1.56E-16	1.71E-16
nb95	95	41	54	0.00E+00	0.00E+00	0.00E+00	0.00E+00	0.00E+00	0.00E+00	0.00E+00	0.00E+00	0.00E+00	0.00E+00	0.00E+00	0.00E+00	0.00E+00	0.00E+00	0.00E+00	0.00E+00	0.00E+00	0.00E+00	0.00E+00	0.00E+00	0.00E+00	0.00E+00	0.00E+00	0.00E+00	0.00E+00	0.00E+00
mo94	94	42	52	5.70E-12	5.70E-12	5.70E-12	5.70E-12	5.70E-12	5.70E-12	5.70E-12	5.70E-12	5.70E-12	5.70E-12	5.70E-12	5.70E-12	5.70E-12	5.70E-12	5.70E-12	5.70E-12	5.70E-12	5.70E-12	5.71E-12	5.80E-12	6.10E-12	6.65E-12	7.43E-12	8.41E-12	9.44E-12	1.03E-11
mo95	95	42	53	9.87E-12	9.87E-12	9.87E-12	9.87E-12	9.87E-12	9.87E-12	9.87E-12	9.87E-12	9.87E-12	9.87E-12	9.87E-12	9.87E-12	9.87E-12	9.87E-12	9.87E-12	9.87E-12	9.87E-12	9.87E-12	1.13E-11	1.54E-11	2.31E-11	3.46E-11	4.92E-11	6.73E-11	8.78E-11	1.07E-10
mo96	96	42	54	1.04E-11	1.04E-11	1.04E-11	1.04E-11	1.04E-11	1.04E-11	1.04E-11	1.04E-11	1.04E-11	1.04E-11	1.04E-11	1.04E-11	1.04E-11	1.04E-11	1.04E-11	1.04E-11	1.04E-11	1.04E-11	1.34E-11	2.21E-11	3.86E-11	6.30E-11	9.38E-11	1.31E-10	1.72E-10	2.11E-10
mo97	97	42	55	5.98E-12	5.98E-12	5.98E-12	5.98E-12	5.98E-12	5.98E-12	5.98E-12	5.98E-12	5.98E-12	5.98E-12	5.98E-12	5.98E-12	5.98E-12	5.98E-12	5.98E-12	5.98E-12	5.98E-12	5.98E-12	7.00E-12	9.98E-12	1.56E-11	2.38E-11	3.41E-11	4.65E-11	6.01E-11	7.28E-11
mo98	98	42	56	1.52E-11	1.52E-11	1.52E-11	1.52E-11	1.52E-11	1.52E-11	1.52E-11	1.52E-11	1.52E-11	1.52E-11	1.52E-11	1.52E-11	1.52E-11	1.52E-11	1.52E-11	1.52E-11	1.52E-11	1.52E-11	1.90E-11	2.98E-11	5.03E-11	8.03E-11	1.18E-10	1.63E-10	2.13E-10	2.59E-10
tc99	99	43	56	0.00E+00	1.62E-36	3.72E-36	9.77E-33	9.70E-33	6.77E-33	4.42E-33	2.82E-33	2.02E-33	2.03E-33	3.09E-33	2.28E-31	8.40E-31	5.76E-31	6.81E-31	6.86E-30	3.38E-28	2.81E-17	3.52E-13	1.26E-12	2.81E-12	4.89E-12	7.30E-12	1.00E-11	1.27E-11	1.47E-11
ru99	99	44	55	5.25E-12	5.25E-12	5.25E-12	5.25E-12	5.25E-12	5.25E-12	5.25E-12	5.25E-12	5.25E-12	5.25E-12	5.25E-12	5.25E-12	5.25E-12	5.25E-12	5.25E-12	5.25E-12	5.25E-12	5.25E-12	5.38E-12	5.90E-12	7.04E-12	8.90E-12	1.14E-11	1.46E-11	1.83E-11	2.22E-11
ru100	100	44	56	5.19E-12	5.19E-12	5.19E-12	5.19E-12	5.19E-12	5.19E-12	5.19E-12	5.19E-12	5.19E-12	5.19E-12	5.19E-12	5.19E-12	5.19E-12	5.19E-12	5.19E-12	5.19E-12	5.19E-12	5.19E-12	7.05E-12	1.24E-11	2.25E-11	3.74E-11	5.59E-11	7.82E-11	1.03E-10	1.25E-10
ru101	101	44	57	7.02E-12	7.02E-12	7.02E-12	7.02E-12	7.02E-12	7.02E-12	7.02E-12	7.02E-12	7.02E-12	7.02E-12	7.02E-12	7.02E-12	7.02E-12	7.02E-12	7.02E-12	7.02E-12	7.02E-12	7.02E-12	7.42E-12	8.58E-12	1.07E-11	1.39E-11	1.78E-11	2.26E-11	2.78E-11	3.26E-11
ru102	102	44	58	1.30E-11	1.30E-11	1.30E-11	1.30E-11	1.30E-11	1.30E-11	1.30E-11	1.30E-11	1.30E-11	1.30E-11	1.30E-11	1.30E-11	1.30E-11	1.30E-11	1.30E-11	1.30E-11	1.30E-11	1.30E-11	1.55E-11	2.25E-11	3.57E-11	5.52E-11	7.96E-11	1.09E-10	1.41E-10	1.72E-10
rh103	103	45	58	8.21E-12	8.21E-12	8.21E-12	8.21E-12	8.21E-12	8.21E-12	8.21E-12	8.21E-12	8.21E-12	8.21E-12	8.21E-12	8.21E-12	8.21E-12	8.21E-12	8.21E-12	8.21E-12	8.21E-12	8.21E-12	8.63E-12	9.80E-12	1.20E-11	1.52E-11	1.92E-11	2.40E-11	2.92E-11	3.41E-11
pd104	104	46	58	3.56E-12	3.56E-12	3.56E-12	3.56E-12	3.56E-12	3.56E-12	3.56E-12	3.56E-12	3.56E-12	3.56E-12	3.56E-12	3.56E-12	3.56E-12	3.56E-12	3.56E-12	3.56E-12	3.56E-12	3.56E-12	4.94E-12	8.90E-12	1.63E-11	2.71E-11	4.06E-11	5.67E-11	7.43E-11	9.07E-11
pd105	105	46	59	7.14E-12	7.14E-12	7.14E-12	7.14E-12	7.14E-12	7.14E-12	7.14E-12	7.14E-12	7.14E-12	7.14E-12	7.14E-12	7.14E-12	7.14E-12	7.14E-12	7.14E-12	7.14E-12	7.14E-12	7.14E-12	7.48E-12	8.48E-12	1.03E-11	1.30E-11	1.64E-11	2.04E-11	2.48E-11	2.89E-11
pd106	106	46	60	8.73E-12	8.73E-12	8.73E-12	8.73E-12	8.73E-12	8.73E-12	8.73E-12	8.73E-12	8.73E-12	8.73E-12	8.73E-12	8.73E-12	8.73E-12	8.73E-12	8.73E-12	8.73E-12	8.73E-12	8.73E-12	1.03E-11	1.48E-11	2.32E-11	3.54E-11	5.08E-11	6.92E-11	8.93E-11	1.08E-10
pd107	107	46	61	0.00E+00	1.49E-29	1.49E-29	1.52E-29	1.50E-29	1.48E-29	1.46E-29	1.42E-29	1.38E-29	1.36E-29	1.33E-29	1.32E-29	1.41E-29	1.39E-29	1.42E-29	2.61E-29	6.51E-28	5.93E-17	3.07E-13	1.18E-12	2.79E-12	5.14E-12	8.07E-12	1.16E-11	1.54E-11	1.89E-11
pd108	108	46	62	8.46E-12	8.46E-12	8.46E-12	8.46E-12	8.46E-12	8.46E-12	8.46E-12	8.46E-12	8.46E-12	8.46E-12	8.46E-12	8.46E-12	8.46E-12	8.46E-12	8.46E-12	8.46E-12	8.46E-12	8.46E-12	1.04E-11	1.59E-11	2.62E-11	4.13E-11	6.02E-11	8.28E-11	1.08E-10	1.31E-10
ag107	107	47	60	5.88E-12	5.88E-12	5.88E-12	5.88E-12	5.88E-12	5.88E-12	5.88E-12	5.88E-12	5.88E-12	5.88E-12	5.88E-12	5.88E-12	5.88E-12	5.88E-12	5.88E-12	5.88E-12	5.88E-12	5.88E-12	5.88E-12	5.89E-12	5.91E-12	5.95E-12	6.01E-12	6.09E-12	6.19E-12	6.31E-12
ag108	108	47	61	0.00E+00	0.00E+00	0.00E+00	0.00E+00	0.00E+00	0.00E+00	0.00E+00	0.00E+00	0.00E+00	0.00E+00	0.00E+00	0.00E+00	0.00E+00	0.00E+00	0.00E+00	0.00E+00	0.00E+00	0.00E+00	0.00E+00	0.00E+00	0.00E+00	0.00E+00	0.00E+00	0.00E+00	0.00E+00	0.00E+00
ag109	109	47	62	5.46E-12	5.46E-12	5.46E-12	5.46E-12	5.46E-12	5.46E-12	5.46E-12	5.46E-12	5.46E-12	5.46E-12	5.46E-12	5.46E-12	5.46E-12	5.46E-12	5.46E-12	5.46E-12	5.46E-12	5.46E-12	5.96E-12	7.37E-12	9.96E-12	1.38E-11	1.85E-11	2.41E-11	3.02E-11	3.59E-11
cd108	108	48	60	3.27E-13	3.27E-13	3.27E-13	3.27E-13	3.27E-13	3.27E-13	3.27E-13	3.27E-13	3.27E-13	3.27E-13	3.27E-13	3.27E-13	3.27E-13	3.27E-13	3.27E-13	3.27E-13	3.27E-13	3.27E-13	3.28E-13	3.39E-13	3.72E-13	4.26E-13	4.94E-13	5.69E-13	6.41E-13	6.97E-13
cd109	109	48	61	0.00E+00	0.00E+00	0.00E+00	0.00E+00	0.00E+00	0.00E+00	0.00E+00	0.00E+00	0.00E+00	0.00E+00	0.00E+00	0.00E+00	0.00E+00	0.00E+00	0.00E+00	0.00E+00	0.00E+00	0.00E+00	0.00E+00	0.00E+00	0.00E+00	0.00E+00	0.00E+00	0.00E+00	0.00E+00	0.00E+00
cd110	110	48	62	4.58E-12	4.58E-12	4.58E-12	4.58E-12	4.58E-12	4.58E-12	4.58E-12	4.58E-12	4.58E-12	4.58E-12	4.58E-12	4.58E-12	4.58E-12	4.58E-12	4.58E-12	4.58E-12	4.58E-12	4.58E-12	6.17E-12	1.07E-11	1.91E-11	3.15E-11	4.69E-11	6.53E-11	8.54E-11	1.04E-10
cd111	111	48	63	4.70E-12	4.70E-12	4.70E-12	4.70E-12	4.70E-12	4.70E-12	4.70E-12	4.70E-12	4.70E-12	4.70E-12	4.70E-12	4.70E-12	4.70E-12	4.70E-12	4.70E-12	4.70E-12	4.70E-12	4.70E-12	5.23E-12	6.74E-12	9.53E-12	1.36E-11	1.87E-11	2.48E-11	3.14E-11	3.75E-11
cd112	112	48	64	8.85E-12	8.85E-12	8.85E-12	8.85E-12	8.85E-12	8.85E-12	8.85E-12	8.85E-12	8.85E-12	8.85E-12	8.85E-12	8.85E-12	8.85E-12	8.85E-12	8.85E-12	8.85E-12	8.85E-12	8.85E-12	1.08E-11	1.63E-11	2.65E-11	4.16E-11	6.03E-11	8.28E-11	1.08E-10	1.31E-10
cd113	113	48	65	4.48E-12	4.48E-12	4.48E-12	4.48E-12	4.48E-12	4.48E-12	4.48E-12	4.48E-12	4.48E-12	4.48E-12	4.48E-12	4.48E-12	4.48E-12	4.48E-12	4.48E-12	4.48E-12	4.48E-12	4.48E-12	5.06E-12	6.71E-12	9.74E-12	1.42E-11	1.97E-11	2.63E-11	3.35E-11	4.02E-11
cd114	114	48	66	1.05E-11	1.05E-11	1.05E-11	1.05E-11	1.05E-11	1.05E-11	1.05E-11	1.05E-11	1.05E-11	1.05E-11	1.05E-11	1.05E-11	1.05E-11	1.05E-11	1.05E-11	1.05E-11	1.05E-11	1.05E-11	1.33E-11	2.10E-11	3.52E-11	5.61E-11	8.21E-11	1.13E-10	1.47E-10	1.79E-10
in115	115	49	66	3.94E-12	3.94E-12	3.94E-12	3.94E-12	3.94E-12	3.94E-12	3.94E-12	3.94E-12	3.94E-12	3.94E-12	3.94E-12	3.94E-12	3.94E-12	3.94E-12	3.94E-12	3.94E-12	3.94E-12	3.94E-12	4.50E-12	6.09E-12	9.00E-12	1.32E-11	1.85E-11	2.48E-11	3.17E-11	3.81E-11
sn116	116	50	66	1.22E-11	1.22E-11	1.22E-11	1.22E-11	1.22E-11	1.22E-11	1.22E-11	1.22E-11	1.22E-11	1.22E-11	1.22E-11	1.22E-11	1.22E-11	1.22E-11	1.22E-11	1.22E-11	1.22E-11	1.22E-11	1.63E-11	2.77E-11	4.86E-11	7.91E-11	1.17E-10	1.62E-10	2.11E-10	2.56E-10
sn117	117	50	67	6.46E-12	6.46E-12	6.46E-12	6.46E-12	6.46E-12	6.46E-12	6.46E-12	6.46E-12	6.46E-12	6.46E-12	6.46E-12	6.46E-12	6.46E-12	6.46E-12	6.46E-12	6.46E-12	6.46E-12	6.46E-12	7.67E-12	1.11E-11	1.74E-11	2.65E-11	3.78E-11	5.11E-11	6.55E-11	7.89E-11
sn118	118	50	68	1.95E-11	1.95E-11	1.95E-11	1.95E-11	1.95E-11	1.95E-11	1.95E-11	1.95E-11	1.95E-11	1.95E-11	1.95E-11	1.95E-11	1.95E-11	1.95E-11	1.95E-11	1.95E-11	1.95E-11	1.95E-11	2.51E-11	4.05E-11	6.88E-11	1.10E-10	1.61E-10	2.21E-10	2.87E-10	3.49E-10
sn119	119	50	69	7.22E-12	7.22E-12	7.22E-12	7.22E-12	7.22E-12	7.22E-12	7.22E-12	7.22E-12	7.22E-12	7.22E-12	7.22E-12	7.22E-12	7.22E-12	7.22E-12	7.22E-12	7.22E-12	7.22E-12	7.22E-12	8.97E-12	1.38E-11	2.26E-11	3.53E-11	5.10E-11	6.96E-11	8.97E-11	1.08E-10
sn120	120	50	70	2.74E-11	2.74E-11	2.74E-11	2.74E-11	2.74E-11	2.74E-11	2.74E-11	2.74E-11	2.74E-11	2.74E-11	2.74E-11	2.74E-11	2.74E-11	2.74E-11	2.74E-11	2.74E-11	2.74E-11	2.74E-11	3.61E-11	5.98E-11	1.03E-10	1.65E-10	2.41E-10	3.30E-10	4.27E-10	5.18E-10
sb121	121	51	70	4.19E-12	4.19E-12	4.19E-12	4.19E-12	4.19E-12	4.19E-12	4.19E-12	4.19E-12	4.19E-12	4.19E-12	4.19E-12	4.19E-12	4.19E-12	4.19E-12	4.19E-12	4.19E-12	4.19E-12	4.19E-12	4.93E-12	6.97E-12	1.06E-11	1.59E-11	2.23E-11	2.98E-11	3.78E-11	4.53E-11
te122	122	52	70	2.76E-12	2.76E-12	2.76E-12	2.76E-12	2.76E-12	2.76E-12	2.76E-12	2.76E-12	2.76E-12	2.76E-12	2.76E-12	2.76E-12	2.76E-12	2.76E-12	2.76E-12	2.76E-12	2.76E-12	2.76E-12	3.83E-12	6.78E-12	1.21E-11	1.97E-11	2.90E-11	3.99E-11	5.17E-11	6.25E-11
te123	123	52	71	9.64E-13	9.64E-13	9.64E-13	9.64E-13	9.64E-13	9.64E-13	9.64E-13	9.64E-13	9.64E-13	9.64E-13	9.64E-13	9.64E-13	9.64E-13	9.64E-13	9.64E-13	9.64E-13	9.64E-13	9.64E-13	1.39E-12	2.54E-12	4.60E-12	7.56E-12	1.12E-11	1.54E-11	1.99E-11	2.41E-11
te124	124	52	72	5.13E-12	5.13E-12	5.13E-12	5.13E-12	5.13E-12	5.13E-12	5.13E-12	5.13E-12	5.13E-12	5.13E-12	5.13E-12	5.13E-12	5.13E-12	5.13E-12	5.13E-12	5.13E-12	5.13E-12	5.13E-12	7.41E-12	1.36E-11	2.47E-11	4.07E-11	6.01E-11	8.29E-11	1.07E-10	1.30E-10
te125	125	52	73	7.66E-12	7.66E-12	7.66E-12	7.66E-12	7.66E-12	7.66E-12	7.66E-12	7.66E-12	7.66E-12	7.66E-12	7.66E-12	7.66E-12	7.66E-12	7.66E-12	7.66E-12	7.66E-12	7.66E-12	7.66E-12	8.43E-12	1.05E-11	1.43E-11	1.97E-11	2.62E-11	3.39E-11	4.20E-11	4.95E-11
te126	126	52	74	2.04E-11	2.04E-11	2.04E-11	2.04E-11	2.04E-11	2.04E-11	2.04E-11	2.04E-11	2.04E-11	2.04E-11	2.04E-11	2.04E-11	2.04E-11	2.04E-11	2.04E-11	2.04E-11	2.04E-11	2.04E-11	2.47E-11	3.65E-11	5.76E-11	8.77E-11	1.24E-10	1.67E-10	2.13E-10	2.55E-10
i127	127	53	74	2.54E-11	2.54E-11	2.54E-11	2.54E-11	2.54E-11	2.54E-11	2.54E-11	2.54E-11	2.54E-11	2.54E-11	2.54E-11	2.54E-11	2.54E-11	2.54E-11	2.54E-11	2.54E-11	2.54E-11	2.54E-11	2.60E-11	2.76E-11	3.04E-11	3.45E-11	3.95E-11	4.53E-11	5.15E-11	5.72E-11
i128	128	53	75	0.00E+00	0.00E+00	0.00E+00	0.00E+00	0.00E+00	0.00E+00	0.00E+00	0.00E+00	0.00E+00	0.00E+00	0.00E+00	0.00E+00	0.00E+00	0.00E+00	0.00E+00	0.00E+00	0.00E+00	0.00E+00	0.00E+00	0.00E+00	0.00E+00	0.00E+00	0.00E+00	0.00E+00	0.00E+00	0.00E+00
i129	129	53	76	0.00E+00	0.00E+00	0.00E+00	0.00E+00	0.00E+00	0.00E+00	0.00E+00	0.00E+00	0.00E+00	0.00E+00	0.00E+00	0.00E+00	0.00E+00	0.00E+00	0.00E+00	0.00E+00	0.00E+00	2.48E-21	2.52E-17	9.19E-17	3.11E-16	5.55E-16	9.20E-16	1.53E-15	2.39E-15	3.49E-15
xe128	128	54	74	2.72E-12	2.72E-12	2.72E-12	2.72E-12	2.72E-12	2.72E-12	2.72E-12	2.72E-12	2.72E-12	2.72E-12	2.72E-12	2.72E-12	2.72E-12	2.72E-12	2.72E-12	2.72E-12	2.72E-12	2.72E-12	4.11E-12	7.84E-12	1.45E-11	2.39E-11	3.54E-11	4.87E-11	6.31E-11	7.62E-11
xe129	129	54	75	3.39E-11	3.39E-11	3.39E-11	3.39E-11	3.39E-11	3.39E-11	3.39E-11	3.39E-11	3.39E-11	3.39E-11	3.39E-11	3.39E-11	3.39E-11	3.39E-11	3.39E-11	3.39E-11	3.39E-11	3.39E-11	3.44E-11	3.58E-11	3.84E-11	4.20E-11	4.64E-11	5.16E-11	5.70E-11	6.21E-11
xe130	130	54	76	5.44E-12	5.44E-12	5.44E-12	5.44E-12	5.44E-12	5.44E-12	5.44E-12	5.44E-12	5.44E-12	5.44E-12	5.44E-12	5.44E-12	5.44E-12	5.44E-12	5.44E-12	5.44E-12	5.44E-12	5.44E-12	8.14E-12	1.53E-11	2.80E-11	4.60E-11	6.79E-11	9.34E-11	1.21E-10	1.46E-10
xe131	131	54	77	2.70E-11	2.70E-11	2.70E-11	2.70E-11	2.70E-11	2.70E-11	2.70E-11	2.70E-11	2.70E-11	2.70E-11	2.70E-11	2.70E-11	2.70E-11	2.70E-11	2.70E-11	2.70E-11	2.70E-11	2.70E-11	2.80E-11	3.08E-11	3.57E-11	4.27E-11	5.12E-11	6.12E-11	7.20E-11	8.19E-11
xe132	132	54	78	3.30E-11	3.30E-11	3.30E-11	3.30E-11	3.30E-11	3.30E-11	3.30E-11	3.30E-11	3.30E-11	3.30E-11	3.30E-11	3.30E-11	3.30E-11	3.30E-11	3.30E-11	3.30E-11	3.30E-11	3.30E-11	3.93E-11	5.58E-11	8.47E-11	1.26E-10	1.75E-10	2.32E-10	2.92E-10	3.48E-10
xe133	133	54	79	0.00E+00	0.00E+00	0.00E+00	0.00E+00	0.00E+00	0.00E+00	0.00E+00	0.00E+00	0.00E+00	0.00E+00	0.00E+00	0.00E+00	0.00E+00	0.00E+00	0.00E+00	0.00E+00	0.00E+00	0.00E+00	0.00E+00	0.00E+00	0.00E+00	0.00E+00	0.00E+00	0.00E+00	0.00E+00	0.00E+00
xe134	134	54	80	1.22E-11	1.22E-11	1.22E-11	1.22E-11	1.22E-11	1.22E-11	1.22E-11	1.22E-11	1.22E-11	1.22E-11	1.22E-11	1.22E-11	1.22E-11	1.22E-11	1.22E-11	1.22E-11	1.22E-11	1.22E-11	1.23E-11	1.26E-11	1.30E-11	1.36E-11	1.44E-11	1.52E-11	1.61E-11	1.70E-11
cs133	133	55	78	8.60E-12	8.60E-12	8.60E-12	8.60E-12	8.60E-12	8.60E-12	8.60E-12	8.60E-12	8.60E-12	8.60E-12	8.60E-12	8.60E-12	8.60E-12	8.60E-12	8.60E-12	8.60E-12	8.60E-12	8.60E-12	9.31E-12	1.11E-11	1.44E-11	1.90E-11	2.45E-11	3.09E-11	3.78E-11	4.41E-11
cs134	134	55	79	0.00E+00	0.00E+00	0.00E+00	0.00E+00	0.00E+00	0.00E+00	0.00E+00	0.00E+00	0.00E+00	0.00E+00	0.00E+00	0.00E+00	0.00E+00	0.00E+00	0.00E+00	0.00E+00	0.00E+00	0.00E+00	0.00E+00	0.00E+00	0.00E+00	0.00E+00	0.00E+00	0.00E+00	0.00E+00	0.00E+00
cs135	135	55	80	0.00E+00	2.93E-32	2.91E-32	3.06E-32	2.98E-32	2.87E-32	2.75E-32	2.60E-32	2.47E-32	2.36E-32	2.26E-32	4.83E-32	1.29E-31	1.26E-31	1.52E-31	8.66E-31	3.93E-29	3.78E-17	7.30E-13	1.64E-12	3.09E-12	5.26E-12	8.25E-12	1.25E-11	1.80E-11	2.36E-11
cs136	136	55	81	0.00E+00	0.00E+00	0.00E+00	0.00E+00	0.00E+00	0.00E+00	0.00E+00	0.00E+00	0.00E+00	0.00E+00	0.00E+00	0.00E+00	0.00E+00	0.00E+00	0.00E+00	0.00E+00	0.00E+00	0.00E+00	0.00E+00	0.00E+00	0.00E+00	0.00E+00	0.00E+00	0.00E+00	0.00E+00	0.00E+00
cs137	137	55	82	0.00E+00	0.00E+00	0.00E+00	0.00E+00	0.00E+00	0.00E+00	0.00E+00	0.00E+00	0.00E+00	0.00E+00	0.00E+00	0.00E+00	0.00E+00	0.00E+00	0.00E+00	0.00E+00	0.00E+00	0.00E+00	0.00E+00	0.00E+00	0.00E+00	0.00E+00	0.00E+00	0.00E+00	0.00E+00	8.46E-38
ba134	134	56	78	2.62E-12	2.62E-12	2.62E-12	2.62E-12	2.62E-12	2.62E-12	2.62E-12	2.62E-12	2.62E-12	2.62E-12	2.62E-12	2.62E-12	2.62E-12	2.62E-12	2.62E-12	2.62E-12	2.62E-12	2.62E-12	4.10E-12	8.71E-12	1.68E-11	2.82E-11	4.14E-11	5.61E-11	7.09E-11	8.39E-11
ba135	135	56	79	7.14E-12	7.14E-12	7.14E-12	7.14E-12	7.14E-12	7.14E-12	7.14E-12	7.14E-12	7.14E-12	7.14E-12	7.14E-12	7.14E-12	7.14E-12	7.14E-12	7.14E-12	7.14E-12	7.14E-12	7.14E-12	7.63E-12	9.28E-12	1.22E-11	1.64E-11	2.12E-11	2.66E-11	3.21E-11	3.70E-11
ba136	136	56	80	8.50E-12	8.50E-12	8.50E-12	8.50E-12	8.50E-12	8.50E-12	8.50E-12	8.50E-12	8.50E-12	8.50E-12	8.50E-12	8.50E-12	8.50E-12	8.50E-12	8.50E-12	8.50E-12	8.50E-12	8.50E-12	1.33E-11	2.58E-11	4.74E-11	7.79E-11	1.14E-10	1.56E-10	2.01E-10	2.42E-10
ba137	137	56	81	1.22E-11	1.22E-11	1.22E-11	1.22E-11	1.22E-11	1.22E-11	1.22E-11	1.22E-11	1.22E-11	1.22E-11	1.22E-11	1.22E-11	1.22E-11	1.22E-11	1.22E-11	1.22E-11	1.22E-11	1.22E-11	1.53E-11	2.31E-11	3.67E-11	5.58E-11	7.86E-11	1.05E-10	1.33E-10	1.59E-10
ba138	138	56	82	7.76E-11	7.76E-11	7.76E-11	7.76E-11	7.76E-11	7.76E-11	7.76E-11	7.76E-11	7.76E-11	7.76E-11	7.76E-11	7.76E-11	7.76E-11	7.76E-11	7.76E-11	7.76E-11	7.76E-11	7.76E-11	1.22E-10	2.31E-10	4.16E-10	6.69E-10	9.64E-10	1.30E-09	1.65E-09	1.96E-09
la139	139	57	82	1.06E-11	1.06E-11	1.06E-11	1.06E-11	1.06E-11	1.06E-11	1.06E-11	1.06E-11	1.06E-11	1.06E-11	1.06E-11	1.06E-11	1.06E-11	1.06E-11	1.06E-11	1.06E-11	1.06E-11	1.06E-11	1.56E-11	2.77E-11	4.82E-11	7.62E-11	1.09E-10	1.46E-10	1.84E-10	2.18E-10
ce140	140	58	82	2.41E-11	2.41E-11	2.41E-11	2.41E-11	2.41E-11	2.41E-11	2.41E-11	2.41E-11	2.41E-11	2.41E-11	2.41E-11	2.41E-11	2.41E-11	2.41E-11	2.41E-11	2.41E-11	2.41E-11	2.41E-11	3.75E-11	7.04E-11	1.27E-10	2.04E-10	2.95E-10	3.98E-10	5.06E-10	6.02E-10
ce141	141	58	83	0.00E+00	0.00E+00	0.00E+00	0.00E+00	0.00E+00	0.00E+00	0.00E+00	0.00E+00	0.00E+00	0.00E+00	0.00E+00	0.00E+00	0.00E+00	0.00E+00	0.00E+00	0.00E+00	0.00E+00	0.00E+00	0.00E+00	0.00E+00	0.00E+00	0.00E+00	0.00E+00	0.00E+00	0.00E+00	0.00E+00
ce142	142	58	84	3.02E-12	3.02E-12	3.02E-12	3.02E-12	3.02E-12	3.02E-12	3.02E-12	3.02E-12	3.02E-12	3.02E-12	3.02E-12	3.02E-12	3.02E-12	3.02E-12	3.02E-12	3.02E-12	3.02E-12	3.02E-12	3.05E-12	3.08E-12	3.12E-12	3.17E-12	3.23E-12	3.34E-12	3.50E-12	3.68E-12
pr141	141	59	82	4.12E-12	4.12E-12	4.12E-12	4.12E-12	4.12E-12	4.12E-12	4.12E-12	4.12E-12	4.12E-12	4.12E-12	4.12E-12	4.12E-12	4.12E-12	4.12E-12	4.12E-12	4.12E-12	4.12E-12	4.12E-12	5.05E-12	7.29E-12	1.12E-11	1.66E-11	2.30E-11	3.03E-11	3.82E-11	4.53E-11
nd142	142	60	82	5.45E-12	5.45E-12	5.45E-12	5.45E-12	5.45E-12	5.45E-12	5.45E-12	5.45E-12	5.45E-12	5.45E-12	5.45E-12	5.45E-12	5.45E-12	5.45E-12	5.45E-12	5.45E-12	5.45E-12	5.45E-12	8.49E-12	1.60E-11	2.89E-11	4.69E-11	6.81E-11	9.23E-11	1.18E-10	1.40E-10
nd143	143	60	83	2.40E-12	2.40E-12	2.40E-12	2.40E-12	2.40E-12	2.40E-12	2.40E-12	2.40E-12	2.40E-12	2.40E-12	2.40E-12	2.40E-12	2.40E-12	2.40E-12	2.40E-12	2.40E-12	2.40E-12	2.40E-12	2.76E-12	3.65E-12	5.19E-12	7.36E-12	9.95E-12	1.29E-11	1.61E-11	1.89E-11
nd144	144	60	84	4.78E-12	4.78E-12	4.78E-12	4.78E-12	4.78E-12	4.78E-12	4.78E-12	4.78E-12	4.78E-12	4.78E-12	4.78E-12	4.78E-12	4.78E-12	4.78E-12	4.78E-12	4.78E-12	4.78E-12	4.78E-12	5.87E-12	8.55E-12	1.32E-11	1.96E-11	2.73E-11	3.61E-11	4.53E-11	5.36E-11
nd145	145	60	85	1.77E-12	1.77E-12	1.77E-12	1.77E-12	1.77E-12	1.77E-12	1.77E-12	1.77E-12	1.77E-12	1.77E-12	1.77E-12	1.77E-12	1.77E-12	1.77E-12	1.77E-12	1.77E-12	1.77E-12	1.77E-12	1.96E-12	2.42E-12	3.24E-12	4.38E-12	5.75E-12	7.33E-12	9.00E-12	1.05E-11
nd146	146	60	86	3.45E-12	3.45E-12	3.45E-12	3.45E-12	3.45E-12	3.45E-12	3.45E-12	3.45E-12	3.45E-12	3.45E-12	3.45E-12	3.45E-12	3.45E-12	3.45E-12	3.45E-12	3.45E-12	3.45E-12	3.45E-12	4.43E-12	6.86E-12	1.11E-11	1.70E-11	2.40E-11	3.20E-11	4.04E-11	4.79E-11
nd147	147	60	87	0.00E+00	0.00E+00	0.00E+00	0.00E+00	0.00E+00	0.00E+00	0.00E+00	0.00E+00	0.00E+00	0.00E+00	0.00E+00	0.00E+00	0.00E+00	0.00E+00	0.00E+00	0.00E+00	0.00E+00	0.00E+00	0.00E+00	0.00E+00	0.00E+00	0.00E+00	0.00E+00	0.00E+00	0.00E+00	0.00E+00
nd148	148	60	88	1.15E-12	1.15E-12	1.15E-12	1.15E-12	1.15E-12	1.15E-12	1.15E-12	1.15E-12	1.15E-12	1.15E-12	1.15E-12	1.15E-12	1.15E-12	1.15E-12	1.15E-12	1.15E-12	1.15E-12	1.15E-12	1.17E-12	1.19E-12	1.22E-12	1.27E-12	1.34E-12	1.45E-12	1.62E-12	1.81E-12
pm147	147	61	86	0.00E+00	0.00E+00	0.00E+00	0.00E+00	0.00E+00	0.00E+00	0.00E+00	0.00E+00	0.00E+00	0.00E+00	0.00E+00	0.00E+00	0.00E+00	0.00E+00	0.00E+00	0.00E+00	0.00E+00	0.00E+00	0.00E+00	0.00E+00	0.00E+00	0.00E+00	0.00E+00	0.00E+00	0.00E+00	0.00E+00
pm148	148	61	87	0.00E+00	0.00E+00	0.00E+00	0.00E+00	0.00E+00	0.00E+00	0.00E+00	0.00E+00	0.00E+00	0.00E+00	0.00E+00	0.00E+00	0.00E+00	0.00E+00	0.00E+00	0.00E+00	0.00E+00	0.00E+00	0.00E+00	0.00E+00	0.00E+00	0.00E+00	0.00E+00	0.00E+00	0.00E+00	0.00E+00
sm147	147	62	85	9.62E-13	9.62E-13	9.62E-13	9.62E-13	9.62E-13	9.62E-13	9.62E-13	9.62E-13	9.62E-13	9.62E-13	9.62E-13	9.62E-13	9.62E-13	9.62E-13	9.62E-13	9.62E-13	9.62E-13	9.62E-13	1.07E-12	1.32E-12	1.77E-12	2.41E-12	3.19E-12	4.10E-12	5.07E-12	5.95E-12
sm148	148	62	86	7.00E-13	7.00E-13	7.00E-13	7.00E-13	7.00E-13	7.00E-13	7.00E-13	7.00E-13	7.00E-13	7.00E-13	7.00E-13	7.00E-13	7.00E-13	7.00E-13	7.00E-13	7.00E-13	7.00E-13	7.00E-13	1.01E-12	1.81E-12	3.21E-12	5.18E-12	7.50E-12	1.01E-11	1.28E-11	1.51E-11
sm149	149	62	87	8.61E-13	8.61E-13	8.61E-13	8.61E-13	8.61E-13	8.61E-13	8.61E-13	8.61E-13	8.61E-13	8.61E-13	8.61E-13	8.61E-13	8.61E-13	8.61E-13	8.61E-13	8.61E-13	8.61E-13	8.61E-13	9.02E-13	1.01E-12	1.20E-12	1.47E-12	1.78E-12	2.14E-12	2.51E-12	2.84E-12
sm150	150	62	88	4.60E-13	4.60E-13	4.60E-13	4.60E-13	4.60E-13	4.60E-13	4.60E-13	4.60E-13	4.60E-13	4.60E-13	4.60E-13	4.60E-13	4.60E-13	4.60E-13	4.60E-13	4.60E-13	4.60E-13	4.60E-13	6.46E-13	1.12E-12	1.95E-12	3.12E-12	4.53E-12	6.16E-12	7.89E-12	9.44E-12
sm151	151	62	89	0.00E+00	0.00E+00	0.00E+00	0.00E+00	0.00E+00	0.00E+00	0.00E+00	0.00E+00	0.00E+00	0.00E+00	0.00E+00	0.00E+00	0.00E+00	0.00E+00	0.00E+00	0.00E+00	0.00E+00	0.00E+00	0.00E+00	0.00E+00	0.00E+00	0.00E+00	0.00E+00	0.00E+00	0.00E+00	5.37E-25
sm152	152	62	90	1.67E-12	1.67E-12	1.67E-12	1.67E-12	1.67E-12	1.67E-12	1.67E-12	1.67E-12	1.67E-12	1.67E-12	1.67E-12	1.67E-12	1.67E-12	1.67E-12	1.67E-12	1.67E-12	1.67E-12	1.67E-12	1.82E-12	2.17E-12	2.75E-12	3.58E-12	4.60E-12	5.82E-12	7.16E-12	8.40E-12
eu151	151	63	88	1.11E-12	1.11E-12	1.11E-12	1.11E-12	1.11E-12	1.11E-12	1.11E-12	1.11E-12	1.11E-12	1.11E-12	1.11E-12	1.11E-12	1.11E-12	1.11E-12	1.11E-12	1.11E-12	1.11E-12	1.11E-12	1.13E-12	1.20E-12	1.31E-12	1.47E-12	1.67E-12	1.89E-12	2.13E-12	2.35E-12
eu152	152	63	89	0.00E+00	0.00E+00	0.00E+00	0.00E+00	0.00E+00	0.00E+00	0.00E+00	0.00E+00	0.00E+00	0.00E+00	0.00E+00	0.00E+00	0.00E+00	0.00E+00	0.00E+00	0.00E+00	0.00E+00	0.00E+00	0.00E+00	0.00E+00	0.00E+00	0.00E+00	0.00E+00	0.00E+00	0.00E+00	5.10E-28
eu153	153	63	90	1.21E-12	1.21E-12	1.21E-12	1.21E-12	1.21E-12	1.21E-12	1.21E-12	1.21E-12	1.21E-12	1.21E-12	1.21E-12	1.21E-12	1.21E-12	1.21E-12	1.21E-12	1.21E-12	1.21E-12	1.21E-12	1.24E-12	1.31E-12	1.42E-12	1.59E-12	1.79E-12	2.03E-12	2.29E-12	2.53E-12
eu154	154	63	91	0.00E+00	0.00E+00	0.00E+00	0.00E+00	0.00E+00	0.00E+00	0.00E+00	0.00E+00	0.00E+00	0.00E+00	0.00E+00	0.00E+00	0.00E+00	0.00E+00	0.00E+00	0.00E+00	0.00E+00	0.00E+00	0.00E+00	0.00E+00	0.00E+00	0.00E+00	0.00E+00	0.00E+00	0.00E+00	2.72E-30
eu155	155	63	92	0.00E+00	0.00E+00	0.00E+00	0.00E+00	0.00E+00	0.00E+00	0.00E+00	0.00E+00	0.00E+00	0.00E+00	0.00E+00	0.00E+00	0.00E+00	0.00E+00	0.00E+00	0.00E+00	0.00E+00	0.00E+00	0.00E+00	0.00E+00	0.00E+00	0.00E+00	0.00E+00	0.00E+00	0.00E+00	0.00E+00
gd152	152	64	88	1.61E-14	1.61E-14	1.61E-14	1.61E-14	1.61E-14	1.61E-14	1.61E-14	1.61E-14	1.61E-14	1.61E-14	1.61E-14	1.61E-14	1.61E-14	1.61E-14	1.61E-14	1.61E-14	1.61E-14	1.61E-14	1.95E-14	3.52E-14	6.46E-14	1.05E-13	1.48E-13	1.87E-13	2.24E-13	2.54E-13
gd153	153	64	89	0.00E+00	0.00E+00	0.00E+00	0.00E+00	0.00E+00	0.00E+00	0.00E+00	0.00E+00	0.00E+00	0.00E+00	0.00E+00	0.00E+00	0.00E+00	0.00E+00	0.00E+00	0.00E+00	0.00E+00	0.00E+00	0.00E+00	0.00E+00	0.00E+00	0.00E+00	0.00E+00	0.00E+00	0.00E+00	0.00E+00
gd154	154	64	90	1.75E-13	1.75E-13	1.75E-13	1.75E-13	1.75E-13	1.75E-13	1.75E-13	1.75E-13	1.75E-13	1.75E-13	1.75E-13	1.75E-13	1.75E-13	1.75E-13	1.75E-13	1.75E-13	1.75E-13	1.75E-13	2.44E-13	4.13E-13	6.99E-13	1.10E-12	1.57E-12	2.11E-12	2.68E-12	3.20E-12
gd155	155	64	91	1.19E-12	1.19E-12	1.19E-12	1.19E-12	1.19E-12	1.19E-12	1.19E-12	1.19E-12	1.19E-12	1.19E-12	1.19E-12	1.19E-12	1.19E-12	1.19E-12	1.19E-12	1.19E-12	1.19E-12	1.19E-12	1.21E-12	1.28E-12	1.40E-12	1.56E-12	1.75E-12	1.96E-12	2.19E-12	2.40E-12
gd156	156	64	92	1.64E-12	1.64E-12	1.64E-12	1.64E-12	1.64E-12	1.64E-12	1.64E-12	1.64E-12	1.64E-12	1.64E-12	1.64E-12	1.64E-12	1.64E-12	1.64E-12	1.64E-12	1.64E-12	1.64E-12	1.64E-12	1.76E-12	2.05E-12	2.57E-12	3.28E-12	4.13E-12	5.08E-12	6.07E-12	6.95E-12
gd157	157	64	93	1.26E-12	1.26E-12	1.26E-12	1.26E-12	1.26E-12	1.26E-12	1.26E-12	1.26E-12	1.26E-12	1.26E-12	1.26E-12	1.26E-12	1.26E-12	1.26E-12	1.26E-12	1.26E-12	1.26E-12	1.26E-12	1.31E-12	1.45E-12	1.69E-12	2.02E-12	2.42E-12	2.87E-12	3.34E-12	3.76E-12
gd158	158	64	94	1.99E-12	1.99E-12	1.99E-12	1.99E-12	1.99E-12	1.99E-12	1.99E-12	1.99E-12	1.99E-12	1.99E-12	1.99E-12	1.99E-12	1.99E-12	1.99E-12	1.99E-12	1.99E-12	1.99E-12	1.99E-12	2.21E-12	2.76E-12	3.72E-12	5.07E-12	6.68E-12	8.52E-12	1.05E-11	1.22E-11
gd159	159	64	95	0.00E+00	0.00E+00	0.00E+00	0.00E+00	0.00E+00	0.00E+00	0.00E+00	0.00E+00	0.00E+00	0.00E+00	0.00E+00	0.00E+00	0.00E+00	0.00E+00	0.00E+00	0.00E+00	0.00E+00	0.00E+00	0.00E+00	0.00E+00	0.00E+00	0.00E+00	0.00E+00	0.00E+00	0.00E+00	0.00E+00
gd160	160	64	96	1.75E-12	1.75E-12	1.75E-12	1.75E-12	1.75E-12	1.75E-12	1.75E-12	1.75E-12	1.75E-12	1.75E-12	1.75E-12	1.75E-12	1.75E-12	1.75E-12	1.75E-12	1.75E-12	1.75E-12	1.75E-12	1.76E-12	1.76E-12	1.76E-12	1.76E-12	1.77E-12	1.77E-12	1.79E-12	1.81E-12
tb159	159	65	94	1.49E-12	1.49E-12	1.49E-12	1.49E-12	1.49E-12	1.49E-12	1.49E-12	1.49E-12	1.49E-12	1.49E-12	1.49E-12	1.49E-12	1.49E-12	1.49E-12	1.49E-12	1.49E-12	1.49E-12	1.49E-12	1.54E-12	1.67E-12	1.88E-12	2.19E-12	2.55E-12	2.97E-12	3.40E-12	3.80E-12
tb160	160	65	95	0.00E+00	0.00E+00	0.00E+00	0.00E+00	0.00E+00	0.00E+00	0.00E+00	0.00E+00	0.00E+00	0.00E+00	0.00E+00	0.00E+00	0.00E+00	0.00E+00	0.00E+00	0.00E+00	0.00E+00	0.00E+00	0.00E+00	0.00E+00	0.00E+00	0.00E+00	0.00E+00	0.00E+00	0.00E+00	0.00E+00
tb161	161	65	96	0.00E+00	0.00E+00	0.00E+00	0.00E+00	0.00E+00	0.00E+00	0.00E+00	0.00E+00	0.00E+00	0.00E+00	0.00E+00	0.00E+00	0.00E+00	0.00E+00	0.00E+00	0.00E+00	0.00E+00	0.00E+00	0.00E+00	0.00E+00	0.00E+00	0.00E+00	0.00E+00	0.00E+00	0.00E+00	0.00E+00
dy160	160	66	94	2.25E-13	2.25E-13	2.25E-13	2.25E-13	2.25E-13	2.25E-13	2.25E-13	2.25E-13	2.25E-13	2.25E-13	2.25E-13	2.25E-13	2.25E-13	2.25E-13	2.25E-13	2.25E-13	2.25E-13	2.25E-13	3.03E-13	5.03E-13	8.54E-13	1.35E-12	1.94E-12	2.60E-12	3.30E-12	3.93E-12
dy161	161	66	95	1.82E-12	1.82E-12	1.82E-12	1.82E-12	1.82E-12	1.82E-12	1.82E-12	1.82E-12	1.82E-12	1.82E-12	1.82E-12	1.82E-12	1.82E-12	1.82E-12	1.82E-12	1.82E-12	1.82E-12	1.82E-12	1.86E-12	1.95E-12	2.11E-12	2.34E-12	2.60E-12	2.91E-12	3.23E-12	3.51E-12
dy162	162	66	96	2.46E-12	2.46E-12	2.46E-12	2.46E-12	2.46E-12	2.46E-12	2.46E-12	2.46E-12	2.46E-12	2.46E-12	2.46E-12	2.46E-12	2.46E-12	2.46E-12	2.46E-12	2.46E-12	2.46E-12	2.46E-12	2.61E-12	3.01E-12	3.71E-12	4.70E-12	5.88E-12	7.23E-12	8.63E-12	9.89E-12
dy163	163	66	97	2.40E-12	2.40E-12	2.40E-12	2.40E-12	2.40E-12	2.40E-12	2.40E-12	2.40E-12	2.40E-12	2.40E-12	2.40E-12	2.40E-12	2.40E-12	2.40E-12	2.40E-12	2.40E-12	2.40E-12	2.40E-12	2.47E-12	2.63E-12	2.93E-12	3.34E-12	3.84E-12	4.42E-12	5.02E-12	5.56E-12
dy164	164	66	98	2.73E-12	2.73E-12	2.73E-12	2.73E-12	2.73E-12	2.73E-12	2.73E-12	2.73E-12	2.73E-12	2.73E-12	2.73E-12	2.73E-12	2.73E-12	2.73E-12	2.73E-12	2.73E-12	2.73E-12	2.73E-12	3.04E-12	3.83E-12	5.21E-12	7.19E-12	9.56E-12	1.23E-11	1.52E-11	1.78E-11
ho165	165	67	98	2.11E-12	2.11E-12	2.11E-12	2.11E-12	2.11E-12	2.11E-12	2.11E-12	2.11E-12	2.11E-12	2.11E-12	2.11E-12	2.11E-12	2.11E-12	2.11E-12	2.11E-12	2.11E-12	2.11E-12	2.11E-12	2.17E-12	2.32E-12	2.59E-12	2.97E-12	3.42E-12	3.95E-12	4.51E-12	5.02E-12
er166	166	68	98	1.99E-12	1.99E-12	1.99E-12	1.99E-12	1.99E-12	1.99E-12	1.99E-12	1.99E-12	1.99E-12	1.99E-12	1.99E-12	1.99E-12	1.99E-12	1.99E-12	1.99E-12	1.99E-12	1.99E-12	1.99E-12	2.13E-12	2.47E-12	3.07E-12	3.92E-12	4.95E-12	6.14E-12	7.40E-12	8.54E-12
er167	167	68	99	1.36E-12	1.36E-12	1.36E-12	1.36E-12	1.36E-12	1.36E-12	1.36E-12	1.36E-12	1.36E-12	1.36E-12	1.36E-12	1.36E-12	1.36E-12	1.36E-12	1.36E-12	1.36E-12	1.36E-12	1.36E-12	1.41E-12	1.55E-12	1.79E-12	2.13E-12	2.54E-12	3.02E-12	3.52E-12	3.98E-12
er168	168	68	100	1.61E-12	1.61E-12	1.61E-12	1.61E-12	1.61E-12	1.61E-12	1.61E-12	1.61E-12	1.61E-12	1.61E-12	1.61E-12	1.61E-12	1.61E-12	1.61E-12	1.61E-12	1.61E-12	1.61E-12	1.61E-12	1.81E-12	2.34E-12	3.28E-12	4.61E-12	6.20E-12	8.04E-12	9.99E-12	1.17E-11
er169	169	68	101	0.00E+00	0.00E+00	0.00E+00	0.00E+00	0.00E+00	0.00E+00	0.00E+00	0.00E+00	0.00E+00	0.00E+00	0.00E+00	0.00E+00	0.00E+00	0.00E+00	0.00E+00	0.00E+00	0.00E+00	0.00E+00	0.00E+00	0.00E+00	0.00E+00	0.00E+00	0.00E+00	0.00E+00	0.00E+00	0.00E+00
er170	170	68	102	8.87E-13	8.87E-13	8.87E-13	8.87E-13	8.87E-13	8.87E-13	8.87E-13	8.87E-13	8.87E-13	8.87E-13	8.87E-13	8.87E-13	8.87E-13	8.87E-13	8.87E-13	8.87E-13	8.87E-13	8.87E-13	9.03E-13	9.19E-13	9.44E-13	9.83E-13	1.04E-12	1.14E-12	1.29E-12	1.45E-12
tm169	169	69	100	9.43E-13	9.43E-13	9.43E-13	9.43E-13	9.43E-13	9.43E-13	9.43E-13	9.43E-13	9.43E-13	9.43E-13	9.43E-13	9.43E-13	9.43E-13	9.43E-13	9.43E-13	9.43E-13	9.43E-13	9.43E-13	9.93E-13	1.12E-12	1.34E-12	1.66E-12	2.05E-12	2.50E-12	2.97E-12	3.39E-12
tm170	170	69	101	0.00E+00	0.00E+00	0.00E+00	0.00E+00	0.00E+00	0.00E+00	0.00E+00	0.00E+00	0.00E+00	0.00E+00	0.00E+00	0.00E+00	0.00E+00	0.00E+00	0.00E+00	0.00E+00	0.00E+00	0.00E+00	0.00E+00	0.00E+00	0.00E+00	0.00E+00	0.00E+00	0.00E+00	0.00E+00	0.00E+00
tm171	171	69	102	0.00E+00	0.00E+00	0.00E+00	0.00E+00	0.00E+00	0.00E+00	0.00E+00	0.00E+00	0.00E+00	0.00E+00	0.00E+00	0.00E+00	0.00E+00	0.00E+00	0.00E+00	0.00E+00	0.00E+00	0.00E+00	0.00E+00	0.00E+00	0.00E+00	0.00E+00	0.00E+00	0.00E+00	0.00E+00	0.00E+00
yb170	170	70	100	1.77E-13	1.77E-13	1.77E-13	1.77E-13	1.77E-13	1.77E-13	1.77E-13	1.77E-13	1.77E-13	1.77E-13	1.77E-13	1.77E-13	1.77E-13	1.77E-13	1.77E-13	1.77E-13	1.77E-13	1.77E-13	2.51E-13	4.47E-13	7.78E-13	1.25E-12	1.80E-12	2.41E-12	3.05E-12	3.61E-12
yb171	171	70	101	8.38E-13	8.38E-13	8.38E-13	8.38E-13	8.38E-13	8.38E-13	8.38E-13	8.38E-13	8.38E-13	8.38E-13	8.38E-13	8.38E-13	8.38E-13	8.38E-13	8.38E-13	8.38E-13	8.38E-13	8.38E-13	9.00E-13	1.06E-12	1.36E-12	1.77E-12	2.27E-12	2.86E-12	3.50E-12	4.08E-12
yb172	172	70	102	1.29E-12	1.29E-12	1.29E-12	1.29E-12	1.29E-12	1.29E-12	1.29E-12	1.29E-12	1.29E-12	1.29E-12	1.29E-12	1.29E-12	1.29E-12	1.29E-12	1.29E-12	1.29E-12	1.29E-12	1.29E-12	1.49E-12	1.99E-12	2.89E-12	4.16E-12	5.69E-12	7.45E-12	9.30E-12	1.10E-11
yb173	173	70	103	9.58E-13	9.58E-13	9.58E-13	9.58E-13	9.58E-13	9.58E-13	9.58E-13	9.58E-13	9.58E-13	9.58E-13	9.58E-13	9.58E-13	9.58E-13	9.58E-13	9.58E-13	9.58E-13	9.58E-13	9.58E-13	1.05E-12	1.29E-12	1.71E-12	2.31E-12	3.04E-12	3.88E-12	4.76E-12	5.55E-12
yb174	174	70	104	1.91E-12	1.91E-12	1.91E-12	1.91E-12	1.91E-12	1.91E-12	1.91E-12	1.91E-12	1.91E-12	1.91E-12	1.91E-12	1.91E-12	1.91E-12	1.91E-12	1.91E-12	1.91E-12	1.91E-12	1.91E-12	2.33E-12	3.40E-12	5.32E-12	8.08E-12	1.14E-11	1.53E-11	1.94E-11	2.30E-11
lu175	175	71	104	8.55E-13	8.55E-13	8.55E-13	8.55E-13	8.55E-13	8.55E-13	8.55E-13	8.55E-13	8.55E-13	8.55E-13	8.55E-13	8.55E-13	8.55E-13	8.55E-13	8.55E-13	8.55E-13	8.55E-13	8.55E-13	9.09E-13	1.05E-12	1.30E-12	1.66E-12	2.10E-12	2.60E-12	3.14E-12	3.62E-12
lu176	176	71	105	2.70E-14	2.64E-14	2.64E-14	2.64E-14	2.64E-14	2.64E-14	2.64E-14	2.64E-14	2.64E-14	2.64E-14	2.64E-14	2.64E-14	2.64E-14	2.64E-14	2.64E-14	2.64E-14	2.64E-14	2.64E-14	5.08E-14	1.12E-13	2.22E-13	3.69E-13	5.42E-13	7.41E-13	9.53E-13	1.15E-12
lu177	177	71	106	0.00E+00	0.00E+00	0.00E+00	0.00E+00	0.00E+00	0.00E+00	0.00E+00	0.00E+00	0.00E+00	0.00E+00	0.00E+00	0.00E+00	0.00E+00	0.00E+00	0.00E+00	0.00E+00	0.00E+00	0.00E+00	0.00E+00	0.00E+00	0.00E+00	0.00E+00	0.00E+00	0.00E+00	0.00E+00	0.00E+00
hf176	176	72	104	1.89E-13	1.89E-13	1.89E-13	1.89E-13	1.89E-13	1.89E-13	1.89E-13	1.89E-13	1.89E-13	1.89E-13	1.89E-13	1.89E-13	1.89E-13	1.89E-13	1.89E-13	1.89E-13	1.89E-13	1.89E-13	2.14E-13	2.87E-13	4.30E-13	6.49E-13	9.16E-13	1.21E-12	1.51E-12	1.77E-12
hf177	177	72	105	6.83E-13	6.83E-13	6.83E-13	6.83E-13	6.83E-13	6.83E-13	6.83E-13	6.83E-13	6.83E-13	6.83E-13	6.83E-13	6.83E-13	6.83E-13	6.83E-13	6.83E-13	6.83E-13	6.83E-13	6.83E-13	7.21E-13	8.25E-13	1.02E-12	1.30E-12	1.64E-12	2.04E-12	2.45E-12	2.83E-12
hf178	178	72	106	1.00E-12	1.00E-12	1.00E-12	1.00E-12	1.00E-12	1.00E-12	1.00E-12	1.00E-12	1.00E-12	1.00E-12	1.00E-12	1.00E-12	1.00E-12	1.00E-12	1.00E-12	1.00E-12	1.00E-12	1.00E-12	1.20E-12	1.69E-12	2.58E-12	3.86E-12	5.44E-12	7.30E-12	9.30E-12	1.11E-11
hf179	179	72	107	5.00E-13	5.00E-13	5.00E-13	5.00E-13	5.00E-13	5.00E-13	5.00E-13	5.00E-13	5.00E-13	5.00E-13	5.00E-13	5.00E-13	5.00E-13	5.00E-13	5.00E-13	5.00E-13	5.00E-13	5.00E-13	5.66E-13	7.33E-13	1.03E-12	1.47E-12	2.00E-12	2.63E-12	3.31E-12	3.92E-12
hf180	180	72	108	1.29E-12	1.29E-12	1.29E-12	1.29E-12	1.29E-12	1.29E-12	1.29E-12	1.29E-12	1.29E-12	1.29E-12	1.29E-12	1.29E-12	1.29E-12	1.29E-12	1.29E-12	1.29E-12	1.29E-12	1.29E-12	1.68E-12	2.70E-12	4.51E-12	7.13E-12	1.03E-11	1.40E-11	1.80E-11	2.15E-11
hf181	181	72	109	0.00E+00	0.00E+00	0.00E+00	0.00E+00	0.00E+00	0.00E+00	0.00E+00	0.00E+00	0.00E+00	0.00E+00	0.00E+00	0.00E+00	0.00E+00	0.00E+00	0.00E+00	0.00E+00	0.00E+00	0.00E+00	0.00E+00	0.00E+00	0.00E+00	0.00E+00	0.00E+00	0.00E+00	0.00E+00	0.00E+00
hf182	182	72	110	0.00E+00	0.00E+00	0.00E+00	0.00E+00	0.00E+00	0.00E+00	0.00E+00	0.00E+00	0.00E+00	0.00E+00	0.00E+00	0.00E+00	0.00E+00	0.00E+00	0.00E+00	0.00E+00	0.00E+00	6.41E-20	1.66E-14	2.50E-14	4.26E-14	7.31E-14	1.24E-13	2.14E-13	3.47E-13	5.02E-13
ta181	181	73	108	5.43E-13	5.43E-13	5.43E-13	5.43E-13	5.43E-13	5.43E-13	5.43E-13	5.43E-13	5.43E-13	5.43E-13	5.43E-13	5.43E-13	5.43E-13	5.43E-13	5.43E-13	5.43E-13	5.43E-13	5.43E-13	6.21E-13	8.19E-13	1.18E-12	1.71E-12	2.37E-12	3.15E-12	4.00E-12	4.78E-12
ta182	182	73	109	0.00E+00	0.00E+00	0.00E+00	0.00E+00	0.00E+00	0.00E+00	0.00E+00	0.00E+00	0.00E+00	0.00E+00	0.00E+00	0.00E+00	0.00E+00	0.00E+00	0.00E+00	0.00E+00	0.00E+00	5.88E-28	1.52E-22	2.30E-22	3.91E-22	6.70E-22	1.13E-21	1.97E-21	3.18E-21	4.60E-21
ta183	183	73	110	0.00E+00	0.00E+00	0.00E+00	0.00E+00	0.00E+00	0.00E+00	0.00E+00	0.00E+00	0.00E+00	0.00E+00	0.00E+00	0.00E+00	0.00E+00	0.00E+00	0.00E+00	0.00E+00	0.00E+00	0.00E+00	0.00E+00	0.00E+00	0.00E+00	0.00E+00	0.00E+00	0.00E+00	0.00E+00	0.00E+00
w182	182	74	108	8.47E-13	8.47E-13	8.47E-13	8.47E-13	8.47E-13	8.47E-13	8.47E-13	8.47E-13	8.47E-13	8.47E-13	8.47E-13	8.47E-13	8.47E-13	8.47E-13	8.47E-13	8.47E-13	8.47E-13	8.47E-13	1.05E-12	1.60E-12	2.60E-12	4.03E-12	5.74E-12	7.68E-12	9.69E-12	1.15E-11
w183	183	74	109	4.57E-13	4.57E-13	4.57E-13	4.57E-13	4.57E-13	4.57E-13	4.57E-13	4.57E-13	4.57E-13	4.57E-13	4.57E-13	4.57E-13	4.57E-13	4.57E-13	4.57E-13	4.57E-13	4.57E-13	4.57E-13	5.62E-13	8.46E-13	1.37E-12	2.13E-12	3.05E-12	4.13E-12	5.28E-12	6.30E-12
w184	184	74	110	9.79E-13	9.79E-13	9.79E-13	9.79E-13	9.79E-13	9.79E-13	9.79E-13	9.79E-13	9.79E-13	9.79E-13	9.79E-13	9.79E-13	9.79E-13	9.79E-13	9.79E-13	9.79E-13	9.79E-13	9.79E-13	1.24E-12	1.89E-12	3.10E-12	4.87E-12	7.05E-12	9.64E-12	1.24E-11	1.49E-11
w185	185	74	111	0.00E+00	0.00E+00	0.00E+00	0.00E+00	0.00E+00	0.00E+00	0.00E+00	0.00E+00	0.00E+00	0.00E+00	0.00E+00	0.00E+00	0.00E+00	0.00E+00	0.00E+00	0.00E+00	0.00E+00	0.00E+00	0.00E+00	0.00E+00	0.00E+00	0.00E+00	0.00E+00	0.00E+00	0.00E+00	0.00E+00
w186	186	74	112	9.08E-13	9.08E-13	9.08E-13	9.08E-13	9.08E-13	9.08E-13	9.08E-13	9.08E-13	9.08E-13	9.08E-13	9.08E-13	9.08E-13	9.08E-13	9.08E-13	9.08E-13	9.08E-13	9.08E-13	9.08E-13	9.75E-13	1.08E-12	1.25E-12	1.50E-12	1.85E-12	2.35E-12	2.97E-12	3.61E-12
re185	185	75	110	4.64E-13	4.64E-13	4.64E-13	4.64E-13	4.64E-13	4.64E-13	4.64E-13	4.64E-13	4.64E-13	4.64E-13	4.64E-13	4.64E-13	4.64E-13	4.64E-13	4.64E-13	4.64E-13	4.64E-13	4.64E-13	5.09E-13	6.21E-13	8.32E-13	1.14E-12	1.53E-12	2.00E-12	2.51E-12	2.99E-12
re186	186	75	111	0.00E+00	0.00E+00	0.00E+00	0.00E+00	0.00E+00	0.00E+00	0.00E+00	0.00E+00	0.00E+00	0.00E+00	0.00E+00	0.00E+00	0.00E+00	0.00E+00	0.00E+00	0.00E+00	0.00E+00	0.00E+00	0.00E+00	0.00E+00	0.00E+00	0.00E+00	0.00E+00	0.00E+00	0.00E+00	0.00E+00
re187	187	75	112	9.04E-13	8.89E-13	8.89E-13	8.89E-13	8.89E-13	8.89E-13	8.89E-13	8.89E-13	8.89E-13	8.89E-13	8.89E-13	8.89E-13	8.89E-13	8.89E-13	8.88E-13	8.88E-13	8.88E-13	8.88E-13	8.99E-13	9.14E-13	9.40E-13	9.79E-13	1.03E-12	1.11E-12	1.21E-12	1.31E-12
os186	186	76	110	2.56E-13	2.56E-13	2.56E-13	2.56E-13	2.56E-13	2.56E-13	2.56E-13	2.56E-13	2.56E-13	2.56E-13	2.56E-13	2.56E-13	2.56E-13	2.56E-13	2.56E-13	2.56E-13	2.56E-13	2.56E-13	3.76E-13	7.03E-13	1.28E-12	2.13E-12	3.15E-12	4.31E-12	5.53E-12	6.60E-12
os187	187	76	111	1.37E-13	1.52E-13	1.52E-13	1.52E-13	1.52E-13	1.52E-13	1.52E-13	1.52E-13	1.52E-13	1.52E-13	1.52E-13	1.53E-13	1.53E-13	1.53E-13	1.53E-13	1.53E-13	1.53E-13	1.53E-13	1.89E-13	2.95E-13	4.84E-13	7.56E-13	1.08E-12	1.44E-12	1.81E-12	2.13E-12
os188	188	76	112	2.14E-12	2.14E-12	2.14E-12	2.14E-12	2.14E-12	2.14E-12	2.14E-12	2.14E-12	2.14E-12	2.14E-12	2.14E-12	2.14E-12	2.14E-12	2.14E-12	2.14E-12	2.14E-12	2.14E-12	2.14E-12	2.33E-12	2.85E-12	3.79E-12	5.16E-12	6.83E-12	8.77E-12	1.08E-11	1.26E-11
os189	189	76	113	2.60E-12	2.60E-12	2.60E-12	2.60E-12	2.60E-12	2.60E-12	2.60E-12	2.60E-12	2.60E-12	2.60E-12	2.60E-12	2.60E-12	2.60E-12	2.60E-12	2.60E-12	2.60E-12	2.60E-12	2.60E-12	2.64E-12	2.74E-12	2.93E-12	3.21E-12	3.55E-12	3.94E-12	4.36E-12	4.73E-12
os190	190	76	114	4.24E-12	4.24E-12	4.24E-12	4.24E-12	4.24E-12	4.24E-12	4.24E-12	4.24E-12	4.24E-12	4.24E-12	4.24E-12	4.24E-12	4.24E-12	4.24E-12	4.24E-12	4.24E-12	4.24E-12	4.24E-12	4.44E-12	4.99E-12	6.02E-12	7.53E-12	9.39E-12	1.16E-11	1.39E-11	1.59E-11
os191	191	76	115	0.00E+00	0.00E+00	0.00E+00	0.00E+00	0.00E+00	0.00E+00	0.00E+00	0.00E+00	0.00E+00	0.00E+00	0.00E+00	0.00E+00	0.00E+00	0.00E+00	0.00E+00	0.00E+00	0.00E+00	0.00E+00	0.00E+00	0.00E+00	0.00E+00	0.00E+00	0.00E+00	0.00E+00	0.00E+00	0.00E+00
os192	192	76	116	6.58E-12	6.58E-12	6.58E-12	6.58E-12	6.58E-12	6.58E-12	6.58E-12	6.58E-12	6.58E-12	6.58E-12	6.58E-12	6.58E-12	6.58E-12	6.58E-12	6.58E-12	6.58E-12	6.58E-12	6.58E-12	6.61E-12	6.66E-12	6.76E-12	6.90E-12	7.09E-12	7.34E-12	7.65E-12	7.96E-12
ir191	191	77	114	5.58E-12	5.58E-12	5.58E-12	5.58E-12	5.58E-12	5.58E-12	5.58E-12	5.58E-12	5.58E-12	5.58E-12	5.58E-12	5.58E-12	5.58E-12	5.58E-12	5.58E-12	5.58E-12	5.58E-12	5.57E-12	5.61E-12	5.70E-12	5.88E-12	6.14E-12	6.47E-12	6.85E-12	7.25E-12	7.61E-12
ir192	192	77	115	0.00E+00	0.00E+00	0.00E+00	0.00E+00	0.00E+00	0.00E+00	0.00E+00	0.00E+00	0.00E+00	0.00E+00	0.00E+00	0.00E+00	0.00E+00	0.00E+00	0.00E+00	0.00E+00	0.00E+00	0.00E+00	0.00E+00	0.00E+00	0.00E+00	0.00E+00	0.00E+00	0.00E+00	0.00E+00	0.00E+00
ir193	193	77	116	9.37E-12	9.37E-12	9.37E-12	9.37E-12	9.37E-12	9.37E-12	9.37E-12	9.37E-12	9.37E-12	9.37E-12	9.37E-12	9.37E-12	9.37E-12	9.37E-12	9.37E-12	9.37E-12	9.37E-12	9.37E-12	9.41E-12	9.51E-12	9.71E-12	1.00E-11	1.04E-11	1.08E-11	1.12E-11	1.16E-11
pt192	192	78	114	2.33E-13	2.33E-13	2.33E-13	2.33E-13	2.33E-13	2.33E-13	2.33E-13	2.33E-13	2.33E-13	2.33E-13	2.33E-13	2.33E-13	2.33E-13	2.33E-13	2.33E-13	2.33E-13	2.33E-13	2.33E-13	2.99E-13	4.96E-13	8.44E-13	1.35E-12	1.94E-12	2.60E-12	3.26E-12	3.83E-12
pt193	193	78	115	0.00E+00	0.00E+00	0.00E+00	0.00E+00	0.00E+00	0.00E+00	0.00E+00	0.00E+00	0.00E+00	0.00E+00	0.00E+00	0.00E+00	0.00E+00	0.00E+00	0.00E+00	0.00E+00	0.00E+00	0.00E+00	0.00E+00	0.00E+00	0.00E+00	0.00E+00	0.00E+00	0.00E+00	0.00E+00	1.16E-25
pt194	194	78	116	9.83E-12	9.83E-12	9.83E-12	9.83E-12	9.83E-12	9.83E-12	9.83E-12	9.83E-12	9.83E-12	9.83E-12	9.83E-12	9.83E-12	9.83E-12	9.83E-12	9.83E-12	9.83E-12	9.83E-12	9.83E-12	9.97E-12	1.04E-11	1.11E-11	1.22E-11	1.36E-11	1.53E-11	1.70E-11	1.85E-11
pt195	195	78	117	1.01E-11	1.01E-11	1.01E-11	1.01E-11	1.01E-11	1.01E-11	1.01E-11	1.01E-11	1.01E-11	1.01E-11	1.01E-11	1.01E-11	1.01E-11	1.01E-11	1.01E-11	1.01E-11	1.01E-11	1.01E-11	1.01E-11	1.03E-11	1.06E-11	1.10E-11	1.16E-11	1.22E-11	1.29E-11	1.35E-11
pt196	196	78	118	7.53E-12	7.53E-12	7.53E-12	7.53E-12	7.53E-12	7.53E-12	7.53E-12	7.53E-12	7.53E-12	7.53E-12	7.53E-12	7.53E-12	7.53E-12	7.53E-12	7.53E-12	7.53E-12	7.53E-12	7.53E-12	7.78E-12	8.46E-12	9.74E-12	1.17E-11	1.40E-11	1.69E-11	1.99E-11	2.27E-11
au197	197	79	118	4.51E-12	4.51E-12	4.51E-12	4.51E-12	4.51E-12	4.51E-12	4.51E-12	4.51E-12	4.51E-12	4.51E-12	4.51E-12	4.51E-12	4.51E-12	4.51E-12	4.51E-12	4.51E-12	4.51E-12	4.51E-12	4.59E-12	4.79E-12	5.16E-12	5.73E-12	6.44E-12	7.29E-12	8.20E-12	9.04E-12
hg198	198	80	118	1.05E-12	1.05E-12	1.05E-12	1.05E-12	1.05E-12	1.05E-12	1.05E-12	1.05E-12	1.05E-12	1.05E-12	1.05E-12	1.05E-12	1.05E-12	1.05E-12	1.05E-12	1.05E-12	1.05E-12	1.06E-12	1.31E-12	1.99E-12	3.26E-12	5.17E-12	7.57E-12	1.04E-11	1.36E-11	1.65E-11
hg199	199	80	119	1.79E-12	1.79E-12	1.79E-12	1.79E-12	1.79E-12	1.79E-12	1.79E-12	1.79E-12	1.79E-12	1.79E-12	1.79E-12	1.79E-12	1.79E-12	1.79E-12	1.79E-12	1.79E-12	1.79E-12	1.79E-12	1.89E-12	2.17E-12	2.70E-12	3.50E-12	4.50E-12	5.71E-12	7.03E-12	8.23E-12
hg200	200	80	120	2.44E-12	2.44E-12	2.44E-12	2.44E-12	2.44E-12	2.44E-12	2.44E-12	2.44E-12	2.44E-12	2.44E-12	2.44E-12	2.44E-12	2.44E-12	2.44E-12	2.44E-12	2.44E-12	2.44E-12	2.44E-12	2.80E-12	3.76E-12	5.57E-12	8.30E-12	1.17E-11	1.58E-11	2.02E-11	2.42E-11
hg201	201	80	121	1.39E-12	1.39E-12	1.39E-12	1.39E-12	1.39E-12	1.39E-12	1.39E-12	1.39E-12	1.39E-12	1.39E-12	1.39E-12	1.39E-12	1.39E-12	1.39E-12	1.39E-12	1.39E-12	1.39E-12	1.39E-12	1.53E-12	1.90E-12	2.62E-12	3.70E-12	5.07E-12	6.70E-12	8.46E-12	1.01E-11
hg202	202	80	122	3.16E-12	3.16E-12	3.16E-12	3.16E-12	3.16E-12	3.16E-12	3.16E-12	3.16E-12	3.16E-12	3.16E-12	3.16E-12	3.16E-12	3.16E-12	3.16E-12	3.16E-12	3.16E-12	3.16E-12	3.16E-12	3.71E-12	5.27E-12	8.31E-12	1.29E-11	1.88E-11	2.57E-11	3.32E-11	4.00E-11
tl203	203	81	122	1.24E-12	1.24E-12	1.24E-12	1.24E-12	1.24E-12	1.24E-12	1.24E-12	1.24E-12	1.24E-12	1.24E-12	1.24E-12	1.24E-12	1.24E-12	1.24E-12	1.24E-12	1.24E-12	1.24E-12	1.24E-12	1.45E-12	2.07E-12	3.29E-12	5.21E-12	7.68E-12	1.07E-11	1.40E-11	1.71E-11
tl204	204	81	123	0.00E+00	0.00E+00	0.00E+00	0.00E+00	0.00E+00	0.00E+00	0.00E+00	0.00E+00	0.00E+00	0.00E+00	0.00E+00	0.00E+00	0.00E+00	0.00E+00	0.00E+00	0.00E+00	0.00E+00	0.00E+00	0.00E+00	0.00E+00	0.00E+00	0.00E+00	0.00E+00	0.00E+00	0.00E+00	5.94E-37
tl205	205	81	124	2.97E-12	2.97E-12	2.97E-12	2.97E-12	2.97E-12	2.97E-12	2.97E-12	2.97E-12	2.97E-12	2.97E-12	2.97E-12	2.97E-12	2.97E-12	2.97E-12	2.97E-12	2.97E-12	2.97E-12	2.97E-12	3.48E-12	5.04E-12	8.25E-12	1.33E-11	1.97E-11	2.74E-11	3.57E-11	4.32E-11
pb204	204	82	122	1.57E-12	1.57E-12	1.57E-12	1.57E-12	1.57E-12	1.57E-12	1.57E-12	1.57E-12	1.57E-12	1.57E-12	1.57E-12	1.57E-12	1.57E-12	1.57E-12	1.57E-12	1.57E-12	1.57E-12	1.57E-12	1.85E-12	2.72E-12	4.49E-12	7.25E-12	1.08E-11	1.51E-11	1.97E-11	2.40E-11
pb205	205	82	123	0.00E+00	3.29E-33	3.28E-33	4.54E-33	4.53E-33	4.51E-33	4.50E-33	4.44E-33	4.37E-33	4.35E-33	4.29E-33	4.31E-33	4.88E-33	4.88E-33	5.53E-33	2.23E-32	5.50E-30	1.16E-18	2.28E-15	9.80E-15	2.19E-14	5.41E-14	1.07E-13	1.83E-13	2.84E-13	3.90E-13
pb206	206	82	124	1.46E-11	1.46E-11	1.46E-11	1.46E-11	1.46E-11	1.46E-11	1.46E-11	1.46E-11	1.46E-11	1.46E-11	1.46E-11	1.46E-11	1.46E-11	1.46E-11	1.46E-11	1.46E-11	1.46E-11	1.46E-11	1.57E-11	2.01E-11	2.99E-11	4.61E-11	6.79E-11	9.48E-11	1.24E-10	1.51E-10
pb207	207	82	125	1.61E-11	1.61E-11	1.61E-11	1.61E-11	1.61E-11	1.61E-11	1.61E-11	1.61E-11	1.61E-11	1.61E-11	1.61E-11	1.61E-11	1.61E-11	1.61E-11	1.61E-11	1.61E-11	1.61E-11	1.61E-11	1.69E-11	2.15E-11	3.34E-11	5.42E-11	8.28E-11	1.19E-10	1.58E-10	1.93E-10
pb208	208	82	126	4.62E-11	4.62E-11	4.62E-11	4.62E-11	4.62E-11	4.62E-11	4.62E-11	4.62E-11	4.62E-11	4.62E-11	4.62E-11	4.62E-11	4.62E-11	4.62E-11	4.62E-11	4.62E-11	4.62E-11	4.62E-11	4.66E-11	5.51E-11	8.06E-11	1.28E-10	1.94E-10	2.77E-10	3.68E-10	4.51E-10
bi209	209	83	126	3.20E-12	3.20E-12	3.20E-12	3.20E-12	3.20E-12	3.20E-12	3.20E-12	3.20E-12	3.20E-12	3.20E-12	3.20E-12	3.20E-12	3.20E-12	3.20E-12	3.20E-12	3.20E-12	3.20E-12	3.20E-12	3.20E-12	3.25E-12	3.41E-12	3.71E-12	4.16E-12	4.74E-12	5.40E-12	6.03E-12
bi210	210	83	127	0.00E+00	0.00E+00	0.00E+00	0.00E+00	0.00E+00	0.00E+00	0.00E+00	0.00E+00	0.00E+00	0.00E+00	0.00E+00	0.00E+00	0.00E+00	0.00E+00	0.00E+00	0.00E+00	0.00E+00	0.00E+00	0.00E+00	0.00E+00	0.00E+00	0.00E+00	0.00E+00	0.00E+00	0.00E+00	0.00E+00
po210	210	84	126	0.00E+00	6.67E-27	6.67E-27	6.65E-27	6.65E-27	6.65E-27	6.65E-27	6.59E-27	6.52E-27	6.52E-27	6.45E-27	6.29E-27	6.13E-27	6.10E-27	6.05E-27	5.99E-27	5.94E-27	1.09E-18	5.22E-16	4.78E-14	2.01E-13	5.07E-13	9.60E-13	1.56E-12	2.23E-12	2.86E-12